440

140

6840

140

500

3040

1920

840

440

1620

180

2000

60

3000

240

2740

1500

1120

800

3600

1480

4140

5060

1580

260

4500

300

3540

5440

5560

2080

2780

1700

3180

380

1460

2400

3440

300

780

1600

3220

3400

100

2100

5040

2220

5140

1300

360

2180

2680

240

2840

1000

3300

1960

4860

1400

2580

80

1680

1340

2160

4260

1620

2060

2040

2560

7260

2400

680

4600

1980

540

100

300

6460

1500

2060

440

320

9920

1600

580

2380

280

3200

800

640

1040

1720

480

9880

3420

7400

2300

5480

2660

2720

520

500

2680

620

7060

1440

580

3620

8900

6080

1440

120

720

960

360

1520

1540

520

5480

7360

640

2240

3320

11160

2860

2840

1960

160

960

260

360

14660

820

3100

820

1980

620

220

6540

580

900

1080

5400

300

1140

3580

1140

840

2340

2140

1420

1760

380

860

840

1100

1100

800

2600

960

1700

440

1460

440

4940

300

100

11740

1200

1480

1080

140

2440

2500

1920

6960

140

8560

1300

3560

160

1740

160

920

540

400

920

3520

500

9960

580

2360

2920

2560

1100

1380

3060

4480

1760

4520

3100

2000

80

220

900

2740

6220

300

2720

4180

3580

600

3320

3940

4800

960

1880

140

2220

5520

2520

2100

1100

4140

5680

580

7340

3300

3900

1440

3840

4240

820

1300

1340

2620

3100

580

3120

1000

1240

1860

16960

2180

1620

1240

2760

2420

1660

1120

1820

920

1080

800

500

3380

520

1520

1680

1020

2040

2880

580

1500

500

1480

1240

620

2260

3040

1660

3080

1680

4660

3120

800

1300

3320

1740

2740

880

2820

7360

980

700

4940

100

400

1380

300

10220

280

2460

6000

1720

1380

2920

4860

280

160

14520

620

5980

1280

2020

540

12180

540

1600

6180

80

1280

800

1740

1360

880

1000

3660

80

1220

3160

2440

1520

2440

5060

2280

700

1900

2280

1100

12380

1740

7940

520

4420

3540

600

3080

460

3740

860

2680

5180

4480

8200

1160

5060

1080

7860

1580

1160

2020

920

1760

640

3380

1340

480

1000

1180

460

5580

280

300

240

400

3040

4380

1840

2940

3640

2080

9900

2160

9620

1020

600

1820

440

2660

1820

1080

2660

220

2900

2020

1580

3360

260

5820

1400

240

300

660

2000

1340

2980

3160

280

1660

5460

1000

980

1160

180

340

1420

7360

420

180

540

6100

2880

2700

1080

400

3700

400

280

3000

640

1060

1860

1500

3240

220

620

160

660

3040

780

2100

1920

1560

1980

180

3340

380

440

720

2980

1580

320

680

660

2320

4400

5520

1640

2520

4080

2720

140

1860

1340

560

260

80

680

1420

2780

1040

4500

580

400

620

6760

4460

3740

680

1080

240

400

1900

600

3260

7960

2600

5480

660

280

2360

2660

340

5020

5920

1220

260

4740

1620

440

5760

2320

3060

4620

4680

240

2720

9280

9520

260

1800

1040

1420

2960

320

1500

13280

180

360

2580

560

2200

3560

1120

380

5280

300

5180

240

640

560

480

5260

1060

780

160

4600

2180

5840

1060

400

1020

1000

3520

1540

7380

2020

2120

2020

980

2860

840

160

400

2800

320

660

1200

8040

2460

1940

280

440

3620

880

15760

1320

2900

7220

2300

6480

260

2540

2580

660

2460

10760

1900

7520

1400

320

5040

3800

2780

100

2480

1820

10380

7520

680

2460

580

3060

5840

2000

2320

3980

7180

4700

3620

520

3440

1160

1980

460

560

1320

1980

1460

900

1540

2300

1320

960

3540

940

2200

1880

1720

700

3260

2400

1180

2040

100

2000

1280

1560

800

4340

540

1400

1660

420

1260

7800

3760

1160

1360

2040

6000

3460

520

4620

180

2820

1460

2440

1360

1960

10800

5340

140

2100

640

680

1240

17120

420

1200

6200

980

3660

3600

2140

1140

440

6540

5240

1040

1440

6420

420

1820

3220

820

560

3740

2960

940

2860

200

520

3000

580

460

660

860

220

3340

1800

12980

320

680

4480

1480

400

7420

3980

540

460

5160

560

2320

6160

4680

6260

6220

1940

1240

700

2100

2140

2460

500

3640

1700

180

3160

3460

640

240

2720

14060

160

3700

480

1080

3060

900

420

600

4840

420

740

300

1760

680

5620

260

7120

2080

10640

3400

8880

100

980

1500

2540

300

1060

10560

3860

3340

1720

940

160

1400

3520

1400

2800

1260

5820

5100

2880

6940

560

5320

400

4520

3160

2060

920

2680

2440

520

460

2740

1340

1680

780

2280

2480

4840

5180

5880

1740

340

1900

1300

1380

1140

1260

1140

720

860

1160

620

180

3520

460

6420

1160

4400

2000

3840

3520

1020

260

7960

8400

3340

10720

380

3980

200

2120

1920

4320

1580

4080

5660

420

440

3880

7200

360

680

1240

1700

2160

2100

1420

360

6720

1600

4940

2760

1660

4440

560

6200

12780

920

740

4200

3360

180

2960

6720

640

5060

1060

700

2240

1480

1160

680

2600

140

4040

3740

1720

1500

1000

2500

280

7640

280

340

400

1040

220

900

1720

1100

1100

760

1220

1320

5720

3160

3340

4100

1480

1740

340

5200

1060

9020

2960

2400

540

920

3000

1560

4900

2820

1480

3460

3140

160

1760

1460

320

9460

620

780

17340

12820

8780

9140

3100

4640

540

1000

1920

860

400

740

140

2220

1580

1260

1240

280

2980

2460

2200

3460

1120

360

600

2840

1500

280

1760

3640

2800

1640

5320

2980

1800

480

520

3660

960

640

6060

2860

960

6220

3120

1480

1300

580

880

15980

1840

3960

1780

7440

120

480

2400

2600

3380

520

620

140

1300

5980

280

760

1800

2680

1980

1180

600

460

1200

1000

1380

6880

1760

5980

4400

240

380

1320

120

3400

3960

660

820

1420

11140

6960

5600

660

1560

4220

1400

920

740

100

340

1060

100

2920

2260

720

1960

160

7380

980

220

720

4740

2340

2000

600

1360

5080

3660

540

320

5700

1700

2000

820

940

140

380

1480

12840

6840

6160

520

6660

660

1360

1500

860

1540

19180

6100

8740

800

640

700

2580

6340

1300

1180

1120

200

1440

480

2340

1960

3040

3980

2980

8820

1960

1780

300

360

740

1480

400

520

3320

440

1680

4240

520

5160

1040

280

2420

1200

1620

2260

820

5940

2700

2000

4200

4280

2400

120

2960

4000

1020

500

200

260

2800

700

660

500

1320

500

3280

3920

540

720

2600

2980

3100

6340

2180

1960

320

880

1960

120

1460

3140

4360

1840

2040

2120

360

1460

2380

220

560

2180

1900

580

320

1880

2620

1420

10520

1260

3280

400

2460

580

960

7000

12620

1080

1120

300

1040

3880

560

4380

1320

340

420

3120

1040

1320

740

300

700

580

1160

1740

1180

3180

4100

5660

540

2720

5040

9520

1520

660

1480

1800

1840

1140

1100

3980

1040

5000

520

1880

2520

160

1740

2720

960

160

2660

320

3280

6620

1240

3620

4460

540

5560

720

3560

6800

7900

1440

440

720

1980

680

360

580

940

200

300

860

7840

1900

1960

4160

1780

2140

80

840

5020

3760

2020

3480

3180

1360

360

1660

3040

260

1760

2240

100

12380

6140

2160

2540

140

1020

4980

3160

1040

1260

3440

640

1100

5960

2200

460

2660

3440

4180

3600

1240

1880

1300

660

2500

1220

3360

2120

360

3660

2320

3940

2300

1480

1380

1040

2820

1720

2360

1660

3680

640

2040

300

420

4460

4520

2340

10760

380

480

1940

2220

400

1540

880

140

380

1760

820

3040

740

600

2600

3040

2540

660

1000

6220

780

800

6720

1440

1820

3440

4800

3840

840

11260

4040

2180

1440

540

1240

8680

1180

6560

1820

460

500

4560

2220

9340

3340

10180

2940

3980

580

500

14560

5780

1600

3460

480

320

1020

5520

820

2080

12440

3520

19840

220

5400

220

1240

1680

240

1640

2140

360

2080

1720

3380

2040

580

580

1600

1600

400

2380

3540

1400

300

320

920

14600

1420

5720

740

1840

340

1160

1020

1540

3600

880

5160

460

5500

8120

620

440

5620

800

3180

940

1540

940

6500

2620

1520

9300

320

180

120

1860

7960

4280

19600

6760

3980

120

7600

2120

800

1960

1640

780

400

200

1280

2220

5440

2380

6280

3700

2880

4420

1860

4100

120

3880

1500

6100

4880

200

4940

1520

4360

3380

2280

2480

1460

2200

2200

400

3960

2080

2900

2300

2280

1260

1480

1720

2140

2900

9440

13120

2040

1840

1840

6700

3620

140

2260

2320

3480

880

2260

240

3800

2440

540

3300

2540

1900

980

3280

2700

1640

1420

420

6060

2440

5960

7880

8600

1480

4200

4060

1480

1260

160

920

10560

100

840

280

4040

400

3300

2300

540

7640

120

1220

7960

8400

2520

2920

1320

15200

1060

4620

5180

7760

1500

900

680

460

340

1920

19040

200

3560

100

1320

2000

400

1560

2380

3660

3140

2540

5380

260

220

700

700

4980

120

240

100

1300

7940

2320

1220

2400

2060

2100

420

700

1080

3660

1600

3100

1560

4100

560

5400

1640

1240

520

2860

5620

1700

1920

1680

3020

4480

2040

19500

3260

2080

1880

5820

5440

1320

2120

3020

1040

680

5380

760

720

540

2600

2340

240

780

1080

13380

2040

2080

2880

10520

1040

740

4840

2200

1500

4320

1440

280

3640

1500

2520

220

280

1420

5080

760

3180

1660

3060

740

3640

320

1300

440

2640

2080

420

1940

3520

2820

4960

300

1640

1680

6540

3240

1760

2160

1980

1160

1920

380

4020

3720

940

240

2400

4120

3620

1200

18760

860

220

580

7680

1660

4460

120

2600

160

1260

2960

2560

980

2020

1820

6700

220

6420

1580

2240

940

9560

480

2580

4600

1240

5700

2800

360

2680

640

1900

4660

4020

500

1060

680

380

1500

1740

1980

1920

2580

1000

4620

2940

1700

340

1340

460

480

1080

1240

520

160

1340

860

2200

320

100

2560

1600

760

2360

4380

940

1060

760

2140

760

3760

560

2360

5900

1900

4480

2980

1580

340

4680

640

200

2740

760

1820

2320

880

7960

2100

2480

4220

340

1460

2720

11960

1080

4940

1260

520

10640

820

700

3620

2500

320

520

3680

760

1400

1320

2300

4560

10180

520

240

80

4920

2300

940

1380

3500

4740

1420

2400

340

3120

1460

620

1100

9280

1100

680

1600

3720

200

1980

2160

720

760

1060

960

80

2560

620

360

1360

1220

1260

920

4640

3860

160

300

120

560

1540

4760

680

1040

2660

600

1840

940

3340

100

12380

2020

200

5640

1340

1100

3320

260

1720

2740

440

1100

4800

460

2620

460

320

420

1000

520

160

1920

2180

2580

1440

1720

640

3240

2040

1000

3420

600

3500

280

760

500

1420

7500

6420

1680

920

60

1200

2860

1140

2020

3780

2860

1840

2960

8660

180

7560

1780

240

1300

360

1900

2660

1540

1180

300

820

8220

100

1000

240

1720

2880

1840

2240

300

2240

4140

280

6520

120

180

720

4980

1420

1260

4360

1620

460

2020

2320

4060

3000

3460

240

4560

6460

5960

4020

1620

1320

2060

3640

4200

1620

2240

420

560

600

2120

1080

4420

700

9380

840

580

4740

3900

1180

14260

2520

2600

2000

1980

240

1700

1880

4660

640

1720

2280

880

2020

200

2500

4880

3280

3300

10120

9800

2280

6400

1440

2720

2020

200

2480

3480

4460

4900

3660

3500

1300

2800

640

5340

3980

4840

1000

2200

4720

3000

3360

480

1060

6100

4520

1720

3280

580

1500

1880

7860

1700

360

740

1160

4580

300

260

1560

520

1840

320

5560

3960

1180

160

2900

240

1940

7300

4300

1340

980

1500

2280

840

660

240

1240

6380

2560

3140

1420

640

2840

1140

3380

1180

1960

2740

460

560

1480

460

280

600

5660

680

2720

300

3200

2820

1840

300

3960

2980

13200

3180

7800

2700

3300

18740

8520

3280

3040

7100

780

1880

2880

1020

280

320

660

140

900

3840

2440

720

260

720

120

3760

2980

4120

1620

540

980

2660

12560

780

120

16200

4240

1220

7000

760

860

3660

860

5040

6220

400

1520

920

220

4880

680

60

3000

2300

2480

420

500

960

5680

1940

700

1500

4280

1720

2280

5040

3220

4540

1980

1080

160

1360

1600

1800

200

300

1240

220

4860

180

1740

3200

5300

3780

740

420

1800

780

2100

6100

17460

160

4920

560

18400

1100

140

1440

240

1100

1160

10060

1780

620

1460

4480

2980

360

5520

700

2680

2540

10780

4020

5740

3320

4060

560

1600

2020

1940

5020

1500

140

880

2480

2480

2220

5840

360

560

3860

1960

5920

300

2640

1920

3680

2740

6080

1300

4540

280

520

2800

1600

4360

400

3860

1460

3340

1820

3720

1780

1080

2860

2700

5300

300

1980

440

3220

15220

540

840

520

6500

10180

2260

1900

3460

6300

1940

3840

1000

1420

3580

720

760

1720

3440

3220

1340

540

3920

1340

3020

1460

3160

4340

1660

140

1660

2020

280

380

3880

620

8260

1180

4520

11160

1520

3000

1440

12180

240

340

1520

8620

2520

6200

5260

1960

3100

760

860

1000

1060

140

1640

1040

7100

1740

3960

2460

460

8580

2040

1540

340

8000

920

140

580

700

560

140

600

5900

680

620

4300

1520

80

920

3140

3780

3400

660

3660

6760

4760

1780

4040

5640

900

680

3240

2480

1720

4160

3500

2420

340

900

820

980

760

8520

1180

160

1840

10880

5300

1000

640

420

1640

400

6180

2520

1520

1820

1560

160

300

1140

180

1260

3640

480

6500

4040

3200

1000

760

2620

3700

2280

160

3400

260

740

120

400

600

680

540

6780

1200

4420

5940

2520

900

140

860

8360

560

500

14240

2240

1900

800

1220

15560

3140

2820

1040

4280

1040

940

4020

1500

1600

2900

1980

200

2260

540

1380

660

560

3640

1460

3840

2100

2380

5800

4220

680

120

1140

60

1860

1380

800

4340

1040

2020

920

4940

160

2460

3940

1260

2580

2380

7200

2300

1600

260

120

10020

1800

2820

1820

7840

120

10060

1020

1600

2420

2800

1020

2320

740

120

1620

1700

1360

19920

4560

280

2060

1100

11640

940

18840

840

840

1600

3580

440

6680

1800

2700

1000

640

120

940

1740

2980

4540

680

1380

960

19800

520

1020

4340

980

420

1540

2700

1900

4800

6820

3020

3300

5540

1460

1240

3440

1680

3000

6320

780

100

4160

8400

1420

2100

920

220

4180

1060

80

1320

2660

1780

280

720

180

7280

200

1140

8640

820

300

480

5680

3280

140

3540

1800

500

960

1400

5700

3420

160

860

600

3120

580

1080

5640

840

1060

2040

900

320

2120

2700

3580

2840

2980

460

1720

4500

1220

3940

1180

6360

540

2420

280

4020

2500

1200

760

1000

1600

1580

3400

320

3520

2940

3280

2200

520

1540

340

1860

3380

420

540

14640

1340

640

2060

660

1440

2380

400

1120

2940

120

1000

1400

2000

1200

1620

1960

4960

2220

620

820

1660

2520

880

5360

1620

2200

3140

800

700

9860

1400

1120

2000

4080

14520

360

460

1220

5720

2160

1540

300

6480

280

2960

900

780

2220

260

10740

7900

500

1580

440

5740

600

520

16440

3540

1020

3420

2140

440

220

1400

2020

320

500

4000

360

1360

1260

1860

3480

3220

4880

2220

1620

800

3020

10000

10580

3040

3580

1000

800

3380

2360

1140

1340

1420

1540

4500

2580

2600

2220

1440

100

820

700

2300

11100

4060

140

9060

2440

2440

1480

1040

1200

2960

2680

840

3160

2040

1300

9160

4320

1320

3180

2520

1380

1360

3300

700

5460

4060

680

320

7380

1380

3000

1940

2220

520

1340

700

2740

500

1060

7160

1500

900

460

1160

2500

1300

1680

4000

1680

1280

1920

140

800

140

180

11420

180

10660

3060

1380

5480

880

180

4660

4720

1440

1260

1480

960

4040

8300

320

260

1740

2900

820

820

4360

8140

1400

720

7820

1760

780

2160

6360

3880

180

1780

2680

1240

1140

1700

1960

2520

720

400

4580

160

5640

5160

1620

680

760

3500

3580

2740

3740

240

2400

4720

1100

1100

3820

3860

300

620

6180

3060

3740

540

3460

1080

620

800

260

1060

180

120

140

2180

2260

2140

940

1420

640

2120

2760

5140

8300

2860

3120

5280

5340

900

260

260

4640

1160

5960

1720

6580

1140

5220

260

2160

460

940

180

120

420

4060

220

4760

6160

800

6000

140

4320

940

1320

2160

4940

12100

80

1380

1800

5900

1500

6000

1080

200

7120

900

11120

3620

4280

6320

2340

1600

1740

1740

720

980

3280

140

2480

820

1680

140

6680

600

220

1120

1920

3340

460

1840

2540

620

7520

3640

5120

580

2140

120

2120

600

920

2380

3900

80

4400

1760

2080

1680

1400

6060

420

1960

1860

560

2440

100

14000

12220

8480

780

180

480

1460

3900

580

260

920

1320

300

11320

3000

240

1260

2820

480

1140

3240

5040

320

980

520

3580

940

160

4860

340

460

480

200

7140

820

2620

860

720

740

3000

1620

940

2120

5220

1840

1100

2480

1600

800

5880

3240

180

1840

960

4900

1780

200

480

3200

3420

1360

520

1900

420

220

260

2100

920

980

2520

1180

1740

1180

6920

920

1440

580

7100

900

3340

440

1720

1040

200

1840

800

980

300

3820

3420

1240

460

220

3280

5080

220

6060

1200

1200

3400

3020

1980

4600

9540

12620

300

2140

2540

440

1320

1000

1420

1820

1660

1900

540

1000

2940

2020

160

18800

5500

4460

5300

4880

820

2580

120

3100

200

1580

2160

520

1200

3160

1940

220

2100

1040

3500

2580

720

1360

200

440

2480

1580

12040

1020

2220

3100

2060

520

160

680

1840

1280

1320

2000

240

2180

4100

8900

340

1940

3400

5580

1280

6560

460

1400

400

2020

600

660

2320

220

3220

480

17720

180

1640

2120

260

1120

500

6740

400

2580

1620

1160

460

720

180

1540

960

960

1800

680

1840

1240

1560

4260

7360

2820

640

1640

4640

1500

2900

880

680

6600

260

1120

2260

5840

520

5580

3180

1320

2920

340

2160

5260

560

360

2240

280

3500

680

1760

12660

3360

1600

1540

260

1500

1440

1480

480

1840

2880

3920

340

2500

2720

700

740

1040

400

1240

280

4980

900

220

1120

1320

1020

5820

440

6660

120

2140

1260

300

3920

1780

2200

180

8300

5740

340

1340

2420

2140

3520

2800

500

700

960

9940

1940

1180

780

500

3740

560

480

6760

860

1220

3920

2580

240

340

5660

4760

6280

2220

300

1300

500

3260

340

4260

620

460

2140

1100

4960

4660

3320

1340

1600

2760

1700

1180

900

220

6900

2820

3800

15920

1040

3880

5340

100

960

2140

2880

400

220

1860

120

1740

6440

860

3680

1220

2980

1000

660

240

2160

760

4020

1020

3720

4200

4240

2600

300

800

260

2200

1160

2980

3340

2040

2180

2680

2100

18340

4220

1680

2580

240

160

460

780

7320

9380

2220

420

220

1460

2720

8540

6080

10860

120

300

860

1580

720

1920

8440

1440

320

660

800

180

1680

920

1940

5340

3300

1240

2640

480

3060

4560

3900

1720

760

1020

1560

5280

140

2420

2360

4840

1980

2400

11220

3540

2640

3400

7080

1560

3120

5760

780

2680

3660

1280

340

4240

1180

1280

1540

1320

1040

2620

1780

6600

1400

520

7620

480

4540

560

2460

720

5640

2440

840

2940

3680

1500

2600

260

540

2120

1520

5360

19400

520

5760

6240

9400

1820

360

800

100

1580

320

3740

6040

580

2840

360

2760

3260

3860

2600

3020

340

1040

2040

3500

140

3540

680

1660

5660

1420

880

360

1080

800

4200

2060

4360

2180

1380

1240

620

440

580

14220

4740

1840

100

3840

4120

1840

2140

2460

700

2400

920

2080

3760

240

1160

540

2300

2040

1220

2080

1200

3200

2320

1640

160

4320

3160

180

1860

1660

3780

3460

3620

360

8460

640

11620

820

660

2220

2120

4360

180

18600

200

1720

2820

3780

480

6520

440

2140

2520

5380

740

2140

6880

440

3740

3920

220

10320

2700

1140

2300

460

4600

2740

2520

3820

1240

700

360

200

2940

2680

4360

1780

1440

420

1040

2720

740

900

780

1480

800

3420

540

1320

760

1000

2660

2140

2440

580

2400

8800

4280

780

700

2000

580

120

5700

1020

5280

760

1520

2620

1360

1060

1500

4280

9000

2460

660

1900

520

5280

1780

2120

540

280

720

1160

100

1520

4240

1320

1780

4560

2600

3620

1300

860

2000

880

3500

2200

260

1100

1640

280

2440

160

4340

1440

200

1160

2060

1740

1740

1760

1920

2080

4460

2020

3600

1080

18360

5500

460

1120

400

140

480

1980

1840

2820

140

1980

1960

8280

1120

2240

720

2440

200

1460

480

3060

3040

260

5780

2140

2640

4160

840

680

500

8640

960

1000

1560

12760

340

860

4840

2480

340

2700

420

360

2300

460

5760

1400

300

1920

4700

1040

800

220

2340

2100

3220

4020

1880

900

2700

700

1820

1380

600

820

980

260

1660

540

2900

560

6300

2040

1960

2000

540

660

9400

580

1840

5560

1340

780

320

2520

1520

3940

2520

480

1300

360

740

3420

340

140

15780

480

4260

2920

380

3160

160

5940

3780

480

1460

980

640

4460

3780

2140

640

2140

380

340

180

2940

1200

4200

1120

3060

2960

300

5780

960

820

3100

720

1280

1720

3420

2740

2800

2400

1440

460

3120

3700

180

3300

780

220

3100

1560

940

920

1440

2280

560

800

3880

600

1820

5500

6520

380

2820

680

4960

2520

480

480

520

4240

200

4060

7460

7440

1200

5020

2800

2220

940

240

3780

5020

2540

4480

420

1320

11920

940

460

700

2100

3100

2780

1760

1280

5840

360

560

2840

6100

300

120

340

700

3920

2800

1700

3640

8620

240

1160

1640

3280

280

2420

540

200

2920

480

1240

880

5140

360

3040

5480

160

440

1840

1600

1600

1760

2140

900

280

3140

1120

15860

2920

2140

240

340

1340

2960

760

19420

1700

1100

700

460

1600

3400

1320

120

3960

3380

6240

3560

940

11320

240

540

2180

1900

3340

660

940

9180

6700

520

3820

4860

180

180

8280

340

17540

1600

1220

1520

200

3720

1160

1680

860

5320

1840

2580

1020

2060

320

1060

340

2140

3720

1540

3020

2260

1300

4580

400

240

2140

1380

2540

8240

860

560

600

2740

160

2520

2100

2980

1740

160

4340

720

8820

2040

240

800

680

2920

2600

2380

1960

1280

1900

1540

480

760

5320

520

420

2700

1800

2460

1060

80

1820

1660

120

160

6940

5500

3740

1200

320

3780

920

3160

980

2460

5400

1360

120

640

660

940

1420

2040

140

480

740

1660

560

2340

3120

1440

3700

340

2520

580

160

1200

1380

2020

18500

360

500

1580

3080

5280

620

120

3300

1380

2940

1580

1000

600

280

420

400

280

1320

640

1360

1860

4960

1740

3680

1520

10980

500

3780

3340

1400

2300

580

840

1400

2000

600

8760

4780

280

3060

2360

240

700

2800

240

3100

1960

4880

740

400

3220

180

340

1960

2280

7060

980

400

400

700

4080

580

3620

2080

1720

1980

2620

460

560

940

1640

240

360

1480

260

13340

3000

260

4720

6020

980

2240

1960

7040

6080

660

620

640

2000

520

2140

2840

1020

980

3260

1700

2300

1180

5000

780

4340

2600

1220

4100

1700

140

560

380

1920

3700

580

1260

3400

2000

1320

1180

240

840

4180

620

1880

5360

280

780

3920

3360

2260

12820

600

300

3100

280

7480

620

360

720

1900

1560

7580

3340

200

5920

280

740

3720

2540

4040

4960

3380

1600

3880

2500

1040

9380

1840

3940

8600

1260

2100

2720

560

2480

1100

260

3880

1220

8260

580

340

220

2180

4140

3520

11920

6240

1160

3420

200

6600

1860

1720

3460

1740

660

1080

220

120

500

2140

420

740

2920

1860

4120

7500

3960

1220

460

780

19100

380

5080

2240

260

4200

1080

340

1520

1140

1620

8440

1160

19060

1180

420

6660

440

8460

2060

2540

2840

1160

400

2000

220

3620

120

6900

800

3220

940

1660

4360

6000

3020

420

100

3420

1420

4520

700

4220

3560

120

1440

6100

100

3960

180

3540

1460

7200

2440

2700

11740

1240

4460

2940

2220

2480

1280

2380

2340

4360

1540

3740

8920

5220

80

580

1320

720

720

3840

2280

4260

580

6280

1640

13680

2840

1600

3300

4740

1280

1740

660

1420

460

2940

240

1780

5740

940

760

560

640

2580

900

4280

280

3200

520

1920

940

240

1420

440

2420

4120

1360

3000

440

680

2200

740

900

6040

740

240

220

11780

4360

1840

1460

3580

1780

1380

1480

260

560

3540

520

1420

2500

6200

3760

5560

660

1200

1320

760

3080

2760

2080

2120

5300

100

1080

8740

760

360

1740

760

1060

760

5640

5540

280

2220

740

1040

380

1720

1200

3860

5180

2420

4400

2780

3680

2180

360

2440

6840

1020

2560

1160

2740

4600

4980

4180

4480

3620

5780

2040

460

1440

1420

320

1060

820

120

1300

720

3520

360

3120

1840

2380

4440

7620

780

6980

2380

400

960

3400

4960

1380

480

320

480

240

2200

1120

580

260

1040

820

500

680

580

6480

720

6780

1360

1140

560

1260

260

2020

1540

1120

3100

3220

3960

19220

2280

1200

2280

2180

1640

5360

1640

800

3760

3020

1880

820

1280

1760

1600

3200

660

1960

600

640

500

780

480

1900

1360

1260

12100

1520

340

1280

3020

2000

4060

1540

300

1040

280

320

260

660

400

2700

6140

1300

80

2320

4600

1500

740

2380

140

2740

9000

240

2220

560

1420

1060

760

540

2580

380

17040

3680

1880

2940

3140

420

5440

260

100

1240

120

4220

1140

640

3220

1620

340

420

2480

140

880

740

2480

3740

1540

4200

1100

740

4640

1840

1040

720

220

220

520

7040

7000

1520

1520

100

5220

300

80

8880

2040

260

3460

6140

180

840

2320

2520

560

11800

1700

800

240

1420

1420

520

6920

2660

480

300

3880

780

980

2080

2420

1960

1600

60

840

260

3340

4880

780

2720

2380

2000

2640

1920

4080

1520

4600

6020

1540

1660

1320

5360

3140

880

7880

60

220

1120

540

2100

7940

920

1460

860

260

2940

1920

5980

3000

2400

3640

1920

260

980

360

1580

620

320

580

2200

1820

300

5220

620

1380

320

100

600

260

2380

1380

1060

2580

1280

3820

7140

3920

7860

980

4820

2500

3540

2060

3680

1820

2580

1580

1500

1700

300

2120

180

2480

1900

1160

7020

440

760

8500

420

6840

900

640

2220

2940

180

2560

80

1420

280

2320

1460

5700

2120

2240

840

1520

860

3020

840

220

4480

580

8440

4720

260

6160

2260

160

1380

2700

2160

4480

1460

300

2520

1260

480

6940

60

100

2980

11120

960

2520

520

1440

2020

2900

2480

2560

4180

140

6720

1220

1240

5480

1060

3480

2220

820

2460

220

1420

1080

6160

420

780

4580

1040

560

2980

2300

4500

560

320

3460

4440

1600

1340

2040

8160

140

320

3360

400

2080

1140

500

400

1160

3820

680

4280

3880

1620

1780

1540

3660

600

260

320

1040

320

2700

6320

700

2780

1140

7680

1920

1260

1240

2520

2720

2700

6220

140

3820

2860

7180

980

320

2660

5140

560

2620

6220

1660

160

1720

700

2200

340

2320

1380

2520

580

1380

2400

440

700

1120

2140

120

5540

180

3000

2320

2980

540

2360

600

2600

5000

1380

7560

1320

3520

1460

2360

3180

420

2100

1140

1640

300

500

320

200

3180

4780

4460

1040

3540

1700

100

360

5460

4460

560

320

200

1220

2540

160

460

8120

1520

980

1760

2580

2960

1760

100

2140

1160

2020

1400

540

760

1460

1440

1600

4680

2100

660

6320

1820

1780

7960

2160

6140

720

580

1620

780

320

80

400

220

520

16480

1780

1700

2960

3120

1960

360

3320

6040

3180

1540

1240

5000

680

1080

1560

60

2460

3320

14720

1060

2860

1980

2860

440

5760

180

1380

920

2420

420

3060

19920

840

740

2180

5660

240

2540

860

160

540

1800

2140

540

660

1100

260

1400

3420

280

560

1040

1340

4020

180

660

5400

720

1160

520

200

4500

7880

4140

3160

360

640

300

1940

3520

420

700

160

3700

1260

3180

640

5600

1460

120

440

2780

300

3820

1720

7500

3240

2560

5640

2600

1620

4000

1960

740

560

1180

13640

1760

2540

740

3400

5120

120

4380

440

4160

2120

3540

840

300

2140

840

1140

2300

620

2980

1280

2840

1760

740

2740

1260

540

1620

1220

3400

4860

5860

5380

420

1380

1840

2780

8160

220

2340

580

2480

660

1620

3440

460

3020

740

1360

180

4340

2180

9820

2300

1620

120

2160

3720

3220

1420

4680

12580

4800

3380

6200

2040

2040

2320

1940

140

4640

2500

2400

1620

380

2160

1440

1120

100

1260

1200

9600

1560

2060

3100

240

1120

5660

380

1060

1960

1460

480

440

3040

2260

2280

1460

1140

4940

1620

520

940

380

2700

1260

2420

480

2520

4140

5000

1280

2360

120

2100

980

18280

3680

6560

440

240

1500

300

200

2340

80

1840

60

2460

320

3200

4660

1240

3580

1160

1800

1160

240

10880

920

3600

3780

7860

3020

1420

540

2820

2120

1600

220

920

480

9000

60

1420

60

5240

5420

60

19680

60

60

3420

60

60

60

19680

60

60

360

60

60

60

3080

60

3100

40

2420

60

60

3180

60

3280

3420

3240

3000

60

4240

620

60

2900

60

60

19680

780

2200

60

6700

780

3720

7320

3060

680

60

60

3100

700

60

7540

60

60

60

60

700

60

19060

200

3280

60

60

1100

560

40

80

60

1040

4560

4160

8060

680

900

680

3140

14820

3060

3120

1540

1360

1240

760

1340

1080

220

1900

700

2740

3520

1700

2720

4840

3300

1180

4460

1060

500

9800

3680

4500

2660

420

240

1480

1780

2380

740

5100

2220

1440

320

5460

2080

400

1160

960

1660

5800

2040

160

80

60

2100

1820

2620

600

1500

200

5900

2340

1320

2520

1760

2980

1940

320

1460

460

100

920

920

700

1020

160

1080

8080

60

200

2160

3200

2640

2240

340

9660

3380

1080

1740

2740

800

2420

3760

920

360

2340

6120

19020

1220

6580

380

4120

1340

6540

3260

2300

4380

1380

3620

4780

900

560

1480

680

220

3420

2460

120

2860

580

1800

1480

5160

1000

1360

340

5500

660

1800

4140

1260

1080

2160

780

320

140

240

920

1680

40

2100

2520

580

1740

3560

5820

1640

2660

4960

3340

300

1140

4960

6460

1820

6220

1960

800

720

3420

1460

1900

760

700

600

3240

4700

240

1920

3080

860

160

4740

220

360

1600

4200

2300

360

3520

740

200

780

9480

2760

1880

380

6920

4760

1640

6560

1600

7500

7520

1800

3120

1520

920

6960

2900

340

2020

1100

1620

660

1440

540

520

180

2960

420

7680

2120

440

1440

2060

6720

5620

1080

1260

6040

1900

5240

3600

180

2260

3660

260

100

1100

6220

1760

7340

300

2200

920

1960

3020

980

2180

880

2240

1480

460

4860

4060

1680

1520

2480

1380

15200

1920

860

300

420

2780

1000

6340

3480

1460

1360

12360

420

860

3980

1440

520

3000

11440

2000

4800

1700

640

460

740

1380

3260

340

4860

3900

660

480

820

3500

1920

3520

3360

760

1640

880

1040

240

280

2600

4420

2500

2600

2520

1320

2720

5680

2380

4020

2880

3480

1180

420

1000

360

3560

4980

60

660

1240

4440

1260

200

220

2540

1480

280

1140

3680

120

740

5960

2160

11020

2260

2260

7680

1460

7600

440

3680

1460

5280

5600

720

3420

4300

1040

980

2440

100

440

580

1080

4480

1260

6740

2680

3700

740

4840

1840

180

1320

360

4400

7100

4080

2900

3840

620

760

340

10620

540

2880

1100

7780

120

1160

5900

2360

4640

320

1780

600

4720

420

120

1720

120

900

1940

2700

3480

980

4100

2920

260

160

1080

560

1860

2860

140

3900

1300

4920

440

4060

7940

900

2080

220

580

2640

4040

360

5120

3100

6140

520

1020

2660

940

1620

1240

3960

580

5780

460

4280

2160

3280

280

1340

3460

140

1500

4480

320

3680

840

980

1200

11960

1300

4460

1560

1300

1440

3920

900

1380

2260

1420

1300

5720

480

3920

840

220

1980

2420

140

420

340

500

2660

2340

6180

6780

200

740

2520

1000

440

2360

920

260

1920

1800

1160

160

260

4040

4340

1400

140

1100

1340

840

400

680

240

1000

2440

4920

3060

760

2500

2080

1320

640

2060

2300

1360

2600

2580

1340

560

840

1000

1660

1620

2680

15520

1600

940

600

3920

340

560

340

340

17260

1260

3340

1480

6000

900

420

1380

1580

380

440

6080

3840

4820

480

340

1820

980

1460

2400

6960

980

1620

440

680

2720

2060

160

2260

1440

1760

1440

4120

1080

120

680

400

3240

1040

100

2360

100

800

1120

4120

2080

1980

14700

1360

1840

1300

960

1840

1140

2000

4180

1580

7720

2720

1280

3100

760

560

3200

1120

140

600

1300

1980

1000

280

760

4860

3920

340

660

3320

4460

600

800

1120

840

3240

4240

380

1560

7940

1920

3200

240

280

380

3100

1580

1060

3500

1680

360

1360

900

6740

740

200

780

280

3020

2060

3020

9320

80

9640

140

1140

2080

3880

660

4920

3300

460

2740

2880

2300

1160

1400

340

7440

540

640

2740

1640

920

80

4000

4080

1240

2220

860

460

7180

2100

1300

700

540

360

2240

2780

5020

7700

3540

100

580

3080

3100

760

760

4220

1000

1800

520

2840

3900

6680

2080

1960

200

1160

1900

420

200

3900

820

1760

660

1140

1780

1860

2620

120

13740

1420

1780

3220

300

7340

2840

620

4780

4600

4940

7140

8360

2300

420

2580

2900

360

720

120

1320

1840

480

540

2500

17800

4880

9360

5420

3120

1820

460

2460

3320

140

460

680

3380

6900

740

440

1620

7280

1080

560

580

1080

1000

120

480

5620

620

420

3080

1840

3900

1180

4980

1760

500

720

880

1740

1180

2100

360

2380

5300

140

2920

640

4680

2780

6600

260

1420

180

1200

1360

100

1300

160

180

100

480

1140

4200

580

3940

880

1960

2080

1180

860

560

680

1260

820

6120

1340

720

3780

3440

5180

540

860

15620

380

1080

320

2240

460

200

380

7900

2740

200

1180

920

820

2620

2860

80

2100

800

12600

2080

160

4340

2780

140

2200

2220

10380

200

2920

1260

3620

4560

3620

620

860

460

1100

2140

3920

1380

160

440

1760

1040

2760

2980

5760

4580

2780

500

16520

2800

2060

420

2220

1260

5560

2780

240

200

3020

900

1220

240

400

5100

2200

1600

1780

280

1060

3340

4500

2720

960

1660

1060

100

2280

4020

2040

6300

640

900

2300

2360

1560

7300

800

2560

2740

3520

2100

560

3960

460

500

5200

400

280

820

1400

420

1760

620

1880

1240

1480

3680

460

280

4200

980

820

1120

3940

2020

120

4200

1540

1060

220

1640

4580

1440

260

6800

3840

420

1160

1720

500

5700

2240

2620

920

380

6460

200

880

1260

5240

460

7380

660

2000

340

1840

8680

2360

3600

2140

2840

580

520

2520

720

2380

400

5920

880

2240

11020

16020

2460

2780

4020

1140

2700

1600

2200

640

11220

1220

3840

380

4640

2240

4000

2520

2680

1440

3120

2840

660

6280

660

4640

720

5360

380

1500

6120

2540

2180

3940

1460

680

660

140

540

500

200

840

120

300

6100

620

1080

460

2200

1640

2320

740

1180

220

140

480

1720

560

2920

3860

1200

300

420

9480

11760

2960

3860

2660

1960

1540

1540

100

280

2260

3080

2260

4340

2460

680

2400

9260

2100

340

220

920

1660

860

260

80

600

540

1920

620

840

460

4260

2440

500

440

160

400

4000

10680

4720

7840

460

680

1200

1580

1760

720

9600

260

960

760

4620

2080

340

2580

400

560

4600

780

2980

5840

400

380

1320

440

7100

380

3920

200

3000

3520

900

7740

160

2620

2460

2160

900

1240

120

8660

3280

6040

4360

3160

3720

4960

9040

1180

1680

1720

1180

1580

2080

5600

2940

2960

180

3040

80

3280

940

1120

7360

7160

220

1760

2240

460

1140

420

340

1340

2680

620

740

4820

800

1720

380

920

3120

2500

660

720

220

2400

1760

540

4140

300

9680

900

940

1740

4280

100

4960

1480

600

1120

980

1960

1180

300

7280

1540

120

1600

1180

460

1260

6700

660

1780

1220

820

1640

3400

5020

1080

820

4540

2500

12580

4380

1300

140

2260

1020

5000

520

4300

520

920

420

2500

1700

3260

560

140

3240

820

3260

1000

8480

480

1040

1820

780

440

1180

3500

300

200

5700

3840

7340

1880

240

360

3540

1480

860

2500

760

3040

280

1660

3260

1160

2800

3260

1240

5100

4800

300

1720

3380

3900

1580

1660

1260

1580

920

2100

2540

1440

1620

900

1300

580

3740

2080

5420

560

3220

940

3420

5260

3140

2880

1180

1100

1660

16160

860

760

1220

19620

460

240

3440

3520

2620

360

2460

1040

920

13360

240

1760

1380

1020

8100

1560

1540

380

5640

4320

4100

660

180

860

2740

2540

2600

1560

1900

5200

1780

480

2300

1520

1480

620

2140

1220

2320

3340

3620

1000

760

360

4540

900

5540

800

580

840

200

7020

1340

900

200

580

5000

360

1560

780

2740

760

3200

6220

380

640

720

1700

1220

720

1400

1420

3520

4100

740

940

540

2700

800

1160

460

80

580

2280

4980

1980

120

2680

1400

920

11520

280

3600

460

1060

1400

6940

1380

2660

680

17400

4500

1760

1920

1200

880

180

140

1500

1260

2940

7720

220

1700

2420

2860

1580

2600

6640

3800

100

3120

920

3160

520

860

3980

480

1560

400

10120

340

1820

1360

1200

3380

3780

1960

120

5420

3600

2360

12840

1560

6980

5480

640

120

160

620

760

380

1220

940

3360

1180

440

700

760

1380

1760

1780

1460

360

1860

4120

5480

800

4420

120

4200

240

3100

2720

800

2380

4020

880

5500

2840

2080

500

900

3140

5400

1200

4920

1680

360

1860

940

100

10160

240

1260

940

6600

1900

280

3520

3060

2240

1240

660

880

180

2680

9760

1380

1200

560

320

9600

11980

3500

540

1920

3560

5140

260

1460

300

740

1420

1880

10420

3820

2920

3200

5820

3540

760

540

480

1000

12140

3380

180

6100

1600

440

1080

2980

3340

1080

680

380

160

180

480

2540

2260

280

3360

1100

640

800

520

2360

280

960

360

400

380

2800

1380

3960

8780

720

680

2920

5480

740

1940

340

2360

2900

6860

3760

740

4160

1840

2040

1980

380

1560

2020

3720

140

2560

3260

500

520

880

380

1480

2060

2120

2260

500

5500

6380

720

6460

2700

13200

1500

1980

2240

540

2220

1220

320

1160

2000

1800

420

3760

2960

260

1420

460

2340

1880

3780

280

1560

2900

960

140

3200

6160

1100

4020

340

1080

1360

1100

3280

120

3340

3080

19620

580

1740

820

1580

1280

800

2180

2180

2760

5200

420

4240

4560

4280

1640

780

1100

1800

360

720

840

520

660

740

4540

600

2200

1480

2460

6680

1000

2580

880

4180

2940

3040

5340

2540

4800

3700

3420

1260

1480

8600

420

1160

7380

6480

940

2300

1260

2100

180

2020

3140

200

2580

240

5060

1900

2240

3460

680

1940

1400

200

500

4500

2520

1040

1420

1560

1960

420

560

8720

900

1280

1060

700

300

300

1620

120

1060

2380

780

1480

300

2380

440

4840

3340

800

400

2000

2880

1360

840

1680

1480

2220

480

1080

880

2880

1460

2260

220

140

2060

11280

80

3800

120

200

100

340

6540

1520

1800

800

760

220

2160

100

300

2200

2560

1140

1240

4620

4460

9880

160

820

920

2260

8420

1120

760

4320

1440

940

7880

460

780

540

720

3360

1040

980

6960

6180

8020

900

2080

2280

2140

1880

1640

580

920

2120

16280

2600

1120

620

2020

1980

3100

1980

600

1320

940

3880

5080

1440

1140

1120

5220

2200

1440

760

2380

1060

8100

9520

10240

1260

2380

3460

1740

4160

1720

1720

1140

220

7000

1440

1380

2100

4700

1820

8720

320

1380

1640

8240

3660

8180

5160

640

3940

400

520

180

3200

940

360

700

2240

1240

1000

3500

3460

700

640

240

2100

2140

1040

1420

280

1660

2480

7500

9080

1780

1720

6480

1380

840

740

4360

1860

880

1720

1500

1240

5000

1800

6300

1000

1220

1540

1740

4220

880

180

4440

3200

5860

1880

720

1540

860

940

880

1360

2840

300

180

3780

2280

360

1960

1980

940

700

1840

2320

760

1760

1340

1040

2180

1120

2500

2060

5060

5860

1680

200

440

140

1060

540

5540

680

1460

620

920

3380

680

6360

1760

120

1840

6620

1540

780

1300

940

760

1000

140

300

2580

3800

2120

1060

2460

4420

4140

5600

460

1740

420

2180

1100

1540

10740

320

1560

9020

1440

1640

320

3420

5480

480

340

240

2680

600

940

7040

760

2720

4860

460

940

2540

2180

1380

6480

3860

100

3040

6140

2480

300

720

1440

1020

2700

120

2900

3660

10760

480

1860

3500

6860

480

3220

300

4340

1120

1880

5840

1020

1780

120

3640

2900

8700

3320

3220

3000

1920

8280

5240

10640

820

8120

3120

1100

700

420

700

2220

2720

3500

520

1220

2580

300

7140

900

1620

920

1820

2100

8040

440

480

2720

1640

1180

3360

1500

460

320

4460

2680

2840

4600

400

3240

18960

620

1180

3260

840

920

400

1040

1080

680

420

1020

760

3220

380

4700

920

2080

1980

2740

500

1200

1400

980

1900

100

540

360

1880

2720

7520

5880

1380

800

3140

4340

2660

1480

440

700

180

1400

560

3880

2780

840

1000

980

720

2400

180

1240

5760

260

5120

940

160

140

320

5640

1400

920

3360

4000

820

2620

3820

960

3840

2000

1240

160

680

1260

2780

440

620

2220

3860

340

1140

5300

480

3200

120

2020

220

220

2740

2920

17460

840

640

2260

4000

2800

840

1540

800

1660

16060

4140

120

1760

2400

1740

2160

500

660

1240

3620

1100

1480

580

60

2640

4520

1240

2940

3940

2180

9040

360

460

2640

2760

860

340

580

440

2040

840

880

1300

3560

260

760

840

1480

680

2540

2460

1700

2040

660

520

1420

320

1940

1540

3060

860

660

320

640

200

1240

1520

8920

880

12320

1120

5720

3220

280

1980

680

680

120

1520

380

2580

4080

5940

1580

5200

2440

8400

8440

6280

2620

2600

460

120

3360

3880

4260

7120

5500

2140

1000

980

3820

3100

3200

940

1360

340

1320

1880

460

9520

700

980

220

3240

2480

3460

160

1440

340

1780

160

240

780

900

2260

7140

6220

2560

6040

760

4020

1720

460

840

1260

980

1260

460

1260

1000

2680

3380

160

420

240

140

7140

1160

1820

1100

2900

5840

12640

4080

2080

3260

3880

1880

580

980

1080

3900

3800

2940

2320

2080

960

1640

2980

2940

2560

2120

2740

700

2100

340

1800

2140

3400

280

3920

460

360

380

1440

3340

200

2680

3000

1320

920

160

320

1280

260

2080

1280

1760

6840

580

780

460

3480

480

2620

1260

1440

760

2360

2720

100

1640

1600

2060

2860

2500

6000

2000

1380

1200

17720

340

1280

1380

2080

760

600

1860

1520

3040

1400

1200

280

660

3420

4200

5600

1780

880

2480

1040

820

2280

4920

120

280

3000

600

200

2220

300

680

4180

4860

2440

320

2020

2220

8320

1280

1280

740

3420

960

6860

240

3000

340

1660

2940

400

1180

4960

2940

2620

4340

620

7780

1020

2400

5520

300

240

360

1900

100

7820

6680

6540

5580

500

1480

200

140

520

400

4960

3860

220

1320

1340

2400

2120

2380

9240

9380

3080

640

1440

880

1940

2020

3020

2080

960

2780

400

2600

15800

3160

660

280

1960

340

120

3760

1340

5780

9900

2360

1880

4300

6520

1160

2040

880

1580

2480

1180

1520

700

4720

1580

260

300

4060

3140

2120

460

13880

1000

2380

1300

3340

280

780

1380

1180

4840

15740

1420

660

5000

460

520

3500

560

1260

260

1320

320

2620

520

280

2240

6380

1760

1720

5040

1360

7160

320

2700

260

360

760

940

860

440

7480

3840

500

500

1520

10460

1360

1120

1220

2080

640

3000

1720

3320

1400

760

2140

380

2280

1200

720

560

4660

2600

620

6160

3700

6720

220

3880

1260

1220

260

9100

780

520

1000

1880

2000

500

2780

200

300

3100

2860

4400

3940

1160

1160

1980

940

4120

400

100

300

900

1640

700

1180

5080

1160

3380

260

2900

1400

1040

4380

680

2180

1200

1520

140

1800

1980

220

500

5400

1900

6060

1700

460

1680

5880

3040

1560

1240

1680

1400

3500

860

440

1740

720

680

2280

2340

5460

880

2260

940

860

1880

2840

420

560

880

380

1800

16580

320

80

2780

1260

7600

1160

300

1160

3800

2500

2800

1160

2000

2200

300

920

380

1400

5060

2060

1940

7180

1380

4140

3740

2220

560

1540

4180

3240

2220

1740

3720

820

2160

2200

180

7780

1660

2340

860

2840

600

1020

1460

1820

3540

440

1520

4480

720

1040

300

760

1560

400

3160

2280

4900

460

5420

2800

980

100

2380

620

140

720

420

2020

1220

1940

5160

1020

1020

2240

1360

1040

4240

960

1900

4120

740

840

520

2120

900

2880

6380

240

3020

5320

3920

1360

10400

880

5500

4700

2000

480

1880

420

1480

2080

3300

220

1380

11480

2980

260

14340

2000

1160

5340

1640

300

5040

320

1680

4160

740

5620

280

1520

460

3020

2020

860

3080

400

80

2440

2480

280

820

1500

1740

380

6120

880

240

4620

9100

1600

1240

1420

960

1020

560

860

540

1620

260

1540

2780

3680

460

1300

3000

4580

1940

4500

660

5060

15420

5380

580

2320

640

940

1460

3020

2860

1200

240

2040

1340

2700

900

4960

3860

5460

220

5820

1240

840

640

2220

700

6040

1600

3520

240

520

4020

4620

2220

2320

1220

460

400

2160

4440

1100

4240

5520

1000

440

420

1700

1160

1500

740

400

2480

820

180

1740

700

520

220

1460

340

320

180

1720

6960

1820

260

2200

120

1400

2720

780

1360

400

1960

1720

240

2720

6920

620

580

120

120

880

380

17200

980

3160

2740

3360

2860

1880

440

3020

2880

1420

3440

13240

1860

3180

640

1560

3280

200

1380

500

720

8020

4280

1060

980

1140

1440

520

420

460

4240

320

4940

1600

600

5240

2140

180

880

1940

300

1200

4340

1720

3720

5700

4800

280

2620

8680

2520

920

2200

740

1440

740

480

1240

360

640

740

1580

3480

1080

2440

120

280

700

3360

3160

1180

740

1400

1460

2180

3800

2180

1220

1160

2080

2280

200

1460

3340

1860

11460

1840

4140

1740

4120

1820

2320

380

1420

5460

1320

180

380

800

1360

1760

1320

17180

1380

380

3400

2200

360

2820

1600

640

960

1660

300

4060

5660

620

14040

3720

5460

1240

10660

1820

2160

4860

300

740

520

2060

2160

11720

160

3660

1020

2260

2060

1500

120

280

1740

9040

2300

1480

4040

860

2360

2380

8360

340

6080

560

120

1220

2860

500

660

2140

2020

840

1100

2720

480

3240

2640

360

2440

4240

780

1380

2060

240

12620

140

1220

820

4740

3720

1620

6120

680

3820

3420

1200

7220

480

2080

2660

640

3040

1000

1320

1940

1020

2060

900

2760

10860

2540

3400

1000

1900

2380

1440

1880

620

1000

460

9060

780

3980

1120

840

1260

2120

1780

1380

1620

380

160

1340

160

4280

420

1180

1320

1280

6360

1080

300

2060

3880

1400

980

1560

900

1480

220

3140

980

1240

500

240

4820

2540

6420

5380

1480

1000

6900

5080

1880

460

1280

2100

2880

280

480

3460

3180

2440

4980

780

1560

1000

5440

2000

540

2140

2720

280

1500

2580

1660

240

1540

1220

400

720

400

3460

5180

560

420

3600

240

1100

3880

700

10060

100

620

160

420

780

1780

1420

5640

2780

420

2480

1460

4920

900

520

1860

6540

6320

7180

3420

180

360

1440

2940

1460

340

140

1240

680

14180

1280

1200

960

840

1360

3220

1720

1640

820

820

440

380

640

380

1360

3840

1160

9600

6300

2620

240

580

1760

10380

220

1300

1020

440

240

7080

2980

6300

6360

720

3280

1920

280

1640

1840

1420

980

580

220

7200

2720

660

580

2960

1020

820

6500

1840

5520

1820

280

1220

980

2120

6740

240

4360

1880

160

3100

9920

260

100

940

740

1460

620

2540

3400

7540

4020

160

440

1140

2380

6220

780

1580

500

840

1020

540

960

2900

2820

2300

8460

2420

5080

320

2320

880

6660

1540

360

180

2200

4040

7660

860

720

420

8360

800

2480

380

2160

940

340

1700

700

1280

4000

6820

2400

580

1900

780

280

5020

2520

1820

2620

2160

140

860

1800

4340

7020

100

1020

940

4800

720

2360

2640

1060

520

1600

1540

160

5220

1040

520

3380

3560

1060

1180

760

1240

1800

2920

2100

4360

240

2700

3400

1320

1020

280

1200

1360

400

2120

440

740

2420

2060

1380

8420

3220

5000

3420

1360

1020

2460

980

2360

840

3500

480

9300

2340

4200

1240

8760

4520

1600

4780

460

500

2640

620

2980

1760

1060

500

220

11180

4160

640

4180

2120

2160

300

1340

1160

2680

2460

2400

1680

5620

1560

1760

2560

160

420

10940

1120

140

100

4460

1160

2940

1300

100

1540

1480

3800

4500

4080

1760

2740

5460

1580

3820

6720

2960

80

220

1340

1460

1460

400

3080

2540

5240

920

2260

8460

6900

2620

320

1880

3520

1960

740

640

1940

1640

300

9760

860

440

1940

620

5300

1760

1020

19580

4560

1220

5600

2000

1420

2100

3120

2280

180

1740

180

2580

7920

620

6240

3740

3840

2480

160

580

540

940

1520

5140

2540

940

440

1960

500

480

140

840

1140

3540

4720

3260

620

1400

3340

660

240

2120

5060

720

640

3240

3900

1900

16040

4700

800

2260

660

1520

3620

780

860

1080

2580

3160

1140

2400

920

540

800

1160

2040

3960

780

1580

1740

180

800

480

180

180

980

6220

3000

1900

1180

4260

2480

3820

5080

2040

6060

1780

680

5100

1340

4420

940

640

1600

140

520

520

360

100

1260

600

1020

4620

7100

1140

3200

1240

7480

900

1640

7980

900

260

360

860

1480

660

2560

460

9700

300

2000

580

100

860

820

800

980

5060

800

280

1720

2540

280

4440

740

17640

8940

7220

240

680

160

640

360

1780

1880

1780

180

1160

660

5140

700

1320

480

1720

580

320

180

7280

960

540

1660

1760

4520

1360

120

680

580

1980

480

1200

940

400

420

760

160

1460

200

6980

160

3600

780

3860

4160

240

1000

140

880

1160

800

12700

1780

1100

6280

1960

1800

1580

2500

920

340

3100

5940

640

520

5880

5720

1460

7260

160

560

1340

920

400

5140

800

2300

16280

400

1680

5340

460

4760

940

580

1180

3260

2380

280

100

400

760

240

4080

780

1620

3700

5660

220

380

1220

3960

1680

4820

2020

140

3300

280

1240

3620

1280

440

400

400

1020

1060

360

6100

920

4900

1900

780

2660

3760

5140

180

480

400

6620

1460

5920

980

4080

780

3380

160

2500

6580

2340

2500

220

1200

220

260

160

4300

14320

1700

3680

60

4060

1120

1460

280

2260

1880

2020

80

220

2580

740

17620

900

600

4300

2300

1180

2680

940

680

180

360

800

4900

140

720

3900

1920

1780

1760

1500

700

640

5200

6700

1320

2140

1180

2180

4920

9940

1940

540

680

600

840

160

6640

780

3660

140

1160

2540

380

1320

960

1660

3220

1440

1740

380

4600

120

1620

2100

5560

3980

500

220

3520

1140

1800

5760

3820

860

300

1340

2100

2740

1060

520

940

4480

4300

5040

440

3180

1380

700

2880

2100

420

380

4700

300

2460

2360

4280

320

1720

3020

360

1140

360

420

9160

4720

4980

4540

500

9260

780

520

1240

560

300

4620

1320

320

3760

1240

7620

2940

760

6440

2860

380

660

2880

5780

420

1420

700

3660

4160

1560

120

120

2560

3980

1620

320

480

4360

2420

3260

520

1240

1340

240

720

5460

3660

980

420

2740

15140

1560

5200

1800

580

3340

3380

380

1980

460

2240

1760

5320

100

640

380

3040

1580

2420

3940

600

4420

880

1260

1040

4080

9660

2760

500

1940

1540

320

280

3860

3400

960

980

1560

880

140

4620

5320

2120

4620

140

560

1120

1340

420

1720

1500

1300

240

7600

1260

8320

4080

400

580

8620

260

560

1040

1720

1240

260

3400

11900

1520

1480

200

1260

500

600

3060

5980

2200

10000

4020

6780

2820

3080

1060

1420

140

1440

220

1900

960

2280

640

4360

3760

3140

3300

820

1240

4380

1580

640

1640

600

920

5080

300

3100

2680

660

920

1460

980

220

5080

1300

4620

1760

1820

2980

1340

720

240

560

460

1060

5620

2400

500

120

5940

4920

1880

1160

1960

880

11940

640

500

2820

3240

300

6160

900

2660

4680

760

2540

580

780

1760

5420

3700

1020

4000

380

4180

4780

1180

100

2220

7080

4080

2280

1580

900

3020

960

400

5860

3160

360

220

3860

960

4680

2960

1360

320

280

600

180

1560

2740

580

10040

220

300

1420

1940

740

140

3060

1720

2280

1920

7300

1600

1080

1920

920

320

4800

2240

3260

2760

3320

2860

1120

760

4440

1480

1880

380

700

200

1420

2200

280

1860

1100

1920

1220

660

3700

340

2080

2940

260

2720

5420

11260

800

4480

400

1160

2060

240

160

620

400

7660

360

980

460

240

840

5140

1860

3320

2600

200

880

3620

960

820

560

460

6160

6880

1680

280

2880

860

440

80

1360

160

3580

480

1080

6740

500

1200

3460

520

440

1340

1380

1400

240

500

2200

340

2100

2940

2200

1700

960

4540

1000

2900

4500

3000

1760

3600

860

1720

480

2460

360

2140

960

620

3120

3540

2100

400

100

1620

2680

2780

480

120

2220

1860

5620

2180

640

3240

2520

1780

16200

2160

2900

1540

2560

760

3460

2380

2460

6300

11940

120

3480

1920

1160

1860

4920

2500

2160

2180

2620

880

1640

140

1420

140

760

280

200

140

1040

15900

3160

920

1060

680

2140

2400

780

400

1640

2400

620

120

6800

620

860

2160

2920

340

1140

1040

1080

2720

4720

100

460

720

380

7720

6800

940

4020

12180

4240

140

4940

8120

900

1660

340

3560

1480

5320

440

1280

1240

5580

14780

3480

1600

4980

2040

120

1280

4840

2220

4060

4600

2100

3620

8680

2720

740

220

1720

1980

3160

4560

680

3080

6560

3820

1380

5640

6580

1280

7880

1040

1460

860

1600

6000

680

420

2580

80

380

3020

2180

2440

5260

3980

5100

1980

1100

140

2180

2660

1040

960

2980

1800

2540

160

5500

3200

4820

1060

2080

10520

2600

2520

5560

3080

1980

2800

4340

4000

2900

700

2280

5660

4500

440

4120

1260

17320

5640

1620

1600

1800

1520

10800

280

4380

1560

2580

1580

1480

2220

2160

1860

360

820

2920

680

1560

2480

1080

7740

5280

4220

1700

2940

1980

2900

1340

560

260

3680

480

840

4740

640

1000

4840

4680

380

4340

120

3340

13420

1080

260

3520

620

4500

1380

5280

19300

5560

2020

5320

160

980

900

760

3800

6880

1400

560

2420

340

1020

1900

460

980

760

2120

620

860

2400

1300

180

6400

2900

880

2520

1240

1740

420

1460

1220

240

900

3180

1480

4600

2620

3480

200

780

3300

4200

980

15060

2120

1920

440

3620

13960

1160

880

1560

1440

5640

220

1280

5560

1240

1900

2340

6100

4240

1760

10280

11000

1380

160

180

520

4800

620

320

3460

2840

1020

6400

980

3060

400

640

960

4860

4740

7600

1620

1980

2220

5440

1900

1500

840

560

3560

3040

1720

5260

4300

2040

2240

4140

360

920

2620

960

240

240

420

720

7060

400

3860

5860

1360

4620

500

680

4360

1820

2740

140

1340

1040

6080

940

1900

1620

440

180

1640

2660

2320

120

2700

140

120

1720

4980

3700

540

200

460

2460

300

480

1380

460

7760

6100

2760

7860

840

160

1340

1660

3760

620

940

2400

2700

3360

9780

1660

1260

460

4860

3380

3540

1320

4420

420

520

300

1460

2560

720

12120

640

2820

860

1580

200

2600

920

6420

120

720

240

2980

3300

500

440

680

1680

1320

3500

3480

1360

100

4860

1020

2000

640

200

2300

2600

560

1540

2780

760

1700

260

6780

3480

13340

5520

2800

4380

2080

2480

140

2240

1920

4820

2180

5560

2900

10060

1520

2300

3160

3980

2880

3300

18060

1720

5600

880

2420

1000

500

1680

600

1220

400

660

2960

1860

2800

5500

380

7840

1500

3860

1300

13820

180

4880

2880

4160

340

560

17940

2260

3880

620

320

2080

1720

740

1380

1860

1940

3060

680

3820

920

3320

1420

2880

1840

4520

2380

360

1640

3220

2220

920

4500

280

3880

700

5300

7680

10760

2600

920

5400

960

2100

1140

740

580

1600

380

2020

2500

4820

3760

480

660

1580

4500

3040

240

180

1520

580

580

780

3360

4600

620

100

19240

640

660

460

300

920

1480

240

720

1880

200

6940

1860

380

1400

2380

100

4500

1280

1480

840

380

4900

580

1460

3540

960

3220

1620

5660

1900

180

260

420

1200

2280

1680

1000

3120

2680

420

5180

1880

620

1500

1880

5360

4260

760

300

1200

1260

720

600

9180

420

200

5160

1400

3600

2120

320

6820

4260

2960

680

780

2560

3140

700

5040

780

260

880

1260

2860

220

9660

2860

920

240

2000

740

1860

1760

5240

3900

540

1180

220

6860

2900

1000

780

1280

860

4940

140

300

1680

460

2380

4300

100

240

4000

2380

6600

3960

8360

120

1760

1460

280

2860

5820

1080

460

1200

1240

1580

5120

580

2100

2360

18180

2460

1900

6480

320

220

340

6280

4040

460

1620

140

3520

500

4260

4760

3560

6240

480

160

920

10420

1160

520

420

7340

3620

1320

700

1420

14980

1800

4980

180

780

1060

1720

280

2780

6540

120

1120

4340

4740

420

2320

4900

7520

1360

2920

600

1540

4680

2040

4020

460

880

2220

120

660

820

4820

1260

5920

340

2820

2460

5300

460

4540

2620

580

140

620

160

2500

100

1700

2640

360

780

5880

700

1680

2180

4920

2540

600

2840

1600

1040

620

3080

3680

1960

1740

3340

2780

1280

1900

2140

1720

3060

1620

5460

820

1060

2060

220

580

340

620

2180

2760

3440

120

2080

120

1600

480

1560

1180

1820

2820

1040

160

120

7580

700

700

700

200

3020

2760

1220

180

1120

2240

2100

4060

2760

760

1300

260

1200

2780

1900

860

2980

440

1320

1900

880

1740

560

4200

1080

1100

7520

1840

1040

880

1680

120

2400

620

980

940

100

2440

1400

160

1400

320

700

480

2100

740

2300

2240

1180

3540

7500

1180

880

10100

140

580

2800

480

140

4840

1480

5560

3080

3280

480

6620

3740

220

300

120

300

2080

1160

620

4860

2360

2420

920

220

4880

280

1720

160

1940

1080

2400

1720

4340

3640

6080

480

900

600

1240

1940

8600

840

300

4240

340

1460

540

340

2120

16980

420

700

1780

3740

860

4980

2780

980

220

1640

9480

4040

1800

180

2880

1120

2540

1880

960

400

7020

380

2340

1720

440

300

6160

980

1900

660

480

5240

740

2300

680

1140

620

5620

2980

740

760

2220

3540

1180

380

360

840

6060

1820

2200

3760

820

440

880

540

11120

2140

460

1780

2100

14920

4080

8880

5300

1060

240

240

5160

1320

120

1680

6900

3680

380

2000

5160

3300

160

1860

180

3120

4000

1820

600

140

1640

1460

1480

660

1300

3740

3800

10580

9660

2700

2260

6360

6260

240

15280

2360

2580

2340

2260

7140

1380

640

1560

2140

1200

2740

1140

2100

2160

4240

4820

3360

960

3580

5060

3560

1760

980

4420

1540

1800

5460

3020

880

1280

960

2300

3460

2740

3480

1040

2320

4660

2460

1480

320

5020

300

1340

520

200

3720

3300

460

2240

3960

980

3580

380

420

400

1360

620

4900

1360

5680

120

640

1320

1140

13280

1120

6980

5080

14180

12740

820

560

440

10620

4360

200

1320

3080

380

8780

3260

840

5540

2160

480

1960

3880

1220

2100

3820

3020

1280

3840

5860

280

1820

1720

1120

7520

16520

10200

520

720

1940

3360

1020

3800

1080

7240

5900

2780

380

1760

740

320

9380

1460

4440

900

520

500

520

1400

340

3400

17000

5140

420

820

300

3220

2180

3100

1820

480

3960

620

2420

940

4120

280

240

5160

260

1960

440

1140

3860

2920

1320

100

100

340

2120

1300

1860

760

240

2020

680

840

2060

420

880

960

3500

2940

1260

1040

1840

2280

160

240

6360

760

380

260

2280

7000

3020

480

960

680

4540

3900

1820

840

2900

4240

6900

11380

2060

340

1780

1360

2340

2180

4300

3320

180

160

1440

320

940

840

4080

2540

4660

1440

200

4900

460

1000

2560

2120

3320

620

180

2600

5080

5220

5000

1060

720

3440

3520

1400

2720

2960

600

520

2900

2480

520

5140

2620

140

480

2580

140

700

1360

580

540

4360

360

540

880

1060

140

1080

4100

1460

3920

2500

3920

520

1480

2700

1660

160

240

7200

2400

4380

9680

640

3780

4420

160

1520

5720

4960

540

940

540

940

3920

1720

3160

1560

1300

160

6940

8680

960

9740

2060

620

2680

5060

3200

1120

4400

980

2020

1740

700

1940

760

5540

780

2500

1280

220

1720

2000

340

680

780

1840

2120

2860

2600

1600

2960

520

420

3080

660

1380

5940

4000

100

3860

2660

1120

1000

2960

16320

1340

3880

3780

800

2400

1040

2840

5420

6200

960

1020

860

1280

3220

1860

1900

5800

180

1520

540

4140

1240

1560

600

1340

2580

1540

2780

1000

900

700

1820

17200

6660

5060

420

600

260

400

2800

160

1120

1620

2120

440

1180

4400

200

3140

820

1340

13920

820

2420

1620

10840

140

4860

1100

500

1200

7480

1780

920

1580

16480

3920

5680

1960

360

1680

4360

420

18380

1740

1260

1120

2040

2380

160

1500

720

1120

5200

1020

3180

180

2200

17760

820

560

1940

2220

520

2100

2700

620

820

5400

5240

520

4320

1800

880

1140

400

2280

300

3000

5100

560

2240

100

2320

680

1200

320

4420

720

3820

920

720

1200

960

740

480

7820

380

5960

360

4020

7400

780

2420

1500

1840

1060

920

380

1380

17400

3840

280

3140

460

1900

120

720

2120

1560

2660

640

540

5340

5820

1720

1460

1880

3680

10340

500

1080

780

300

10100

160

1000

460

3840

5920

980

5420

7200

3480

3580

1740

1980

5320

6440

6680

3220

1540

6060

2120

1760

2620

2960

380

320

4320

9320

3120

7300

640

580

640

4620

8340

920

120

1520

740

2540

3340

600

1840

2460

840

1140

800

3120

8580

2080

2500

1720

4600

5240

920

1380

960

3620

5340

320

340

2380

660

1060

3680

2120

4680

180

860

1760

300

2820

7040

2980

80

1480

2540

1100

4860

440

1620

640

17040

4820

520

2960

4740

260

17660

3180

5160

760

2540

340

1340

760

1080

5240

2540

2000

2020

2300

3620

2280

920

1900

10820

660

400

1700

280

620

360

2280

2940

2020

1820

2620

1700

1600

4060

4240

2160

960

300

3400

400

1660

3500

2340

3440

7340

3780

3300

4080

1120

2680

5220

1120

2900

300

4020

2420

860

1340

1080

400

1160

1540

220

700

280

1300

840

500

6160

2700

600

880

440

2640

120

1260

4480

120

1460

7060

3500

8380

1280

740

1280

100

1740

4380

3820

560

5800

220

160

5020

7540

380

1560

1940

1800

720

3080

2360

1260

6100

960

6840

3680

1360

4280

480

460

960

420

2420

7820

2820

2400

380

280

2500

3920

8540

460

2380

5080

1800

5900

900

2060

11320

1120

1420

860

560

2620

2480

980

900

600

3260

120

560

940

240

3840

1560

1300

2120

5240

340

1300

3400

1300

400

2560

360

1780

2660

600

240

780

940

1360

2560

200

700

1100

7940

11460

800

160

600

460

1080

3360

840

2980

5040

3740

1180

2620

660

3960

1760

7480

3640

3060

1380

5480

1020

160

2400

1840

140

480

200

3120

7840

1140

2340

1620

280

1360

2860

8300

4260

280

440

4620

300

520

1820

320

1140

2880

1020

1640

4520

660

340

900

300

3180

1440

540

3580

320

1620

19860

2960

420

1820

5680

1460

5440

4500

880

740

120

13240

1180

4120

1160

5160

1320

120

700

6060

560

240

3340

940

420

1620

1900

180

3240

820

1000

9040

1400

4400

2840

600

1480

1120

2580

3140

4840

2120

1680

1380

1020

7640

2540

1740

640

240

840

580

12340

400

5500

6660

1400

1240

1740

5960

2440

980

1260

320

780

160

960

200

1500

200

2520

4140

7500

1860

3640

2080

11660

2600

1900

240

420

5220

1140

2380

8260

620

1980

1500

400

740

760

200

940

180

1820

17700

420

1060

1660

400

3680

3320

680

900

1740

2680

560

2600

2780

5760

3520

200

8340

4080

4460

380

1200

2680

3520

1020

1060

1760

1000

3020

1640

420

3520

1420

1500

620

100

7940

1200

5400

4220

380

2160

3380

660

280

15240

600

4160

700

700

840

820

1280

2980

140

14780

6980

4620

1160

420

980

1040

1100

340

4240

740

2980

380

3620

1040

860

2500

1040

5180

3660

4060

1280

360

6120

1300

560

500

420

2860

2020

4460

1860

580

2820

4320

140

920

11580

6560

1540

300

2620

500

1480

1540

820

2360

460

1820

1740

120

260

5220

260

100

280

520

640

2360

1220

1260

1260

4740

280

120

3180

5300

180

2420

6220

1820

540

5120

1740

160

3760

100

460

1680

700

200

260

3400

340

1140

620

580

4420

300

2500

2260

3420

380

2920

700

560

280

80

820

160

1640

1980

1760

3780

1660

2380

5840

8740

2320

300

1060

8180

960

2440

9080

1400

3440

960

4100

1340

2740

680

2280

3500

4100

1500

5720

4300

2960

1840

4280

600

420

5420

100

880

460

1600

240

5220

1860

960

820

1840

520

1000

1380

240

240

3980

7880

16060

2520

1660

840

7460

3860

700

1180

1920

1180

360

10820

2300

2560

620

100

2680

5400

200

2080

10500

580

3760

2000

200

2040

1300

1520

420

1860

5000

4120

4700

3320

480

620

3840

3700

3640

440

4340

840

3620

1300

2080

220

840

320

540

2200

1240

1060

1000

1960

2000

2480

9480

600

900

2160

2660

860

12440

720

1340

500

1060

1220

1500

240

340

1080

3160

200

380

900

1220

1980

900

140

2560

2640

4340

660

4200

6660

420

1320

2480

5740

2900

380

4160

2260

880

4920

1860

1580

2060

3020

6820

4660

1820

1980

1580

2040

1800

720

4600

1380

1820

120

3980

360

2620

1040

1340

3240

520

260

3160

180

8100

320

1620

2840

1660

360

12260

1740

1120

720

140

1660

400

1100

1720

340

3280

1480

2320

3980

280

160

2220

740

660

5820

520

740

2260

640

720

960

3300

700

1600

1260

280

520

3160

18320

2700

220

1560

5460

2660

460

1340

1500

1120

280

5040

7060

860

360

3160

320

3740

2560

2000

4220

340

9280

820

6280

1640

1720

6340

10980

1260

1120

6220

600

2160

340

3240

400

1920

940

1960

2260

740

5240

2420

220

1000

1860

4260

720

360

5040

660

120

500

300

5460

3120

1520

460

7740

160

3420

1920

2120

4360

960

4360

340

1660

5480

220

380

940

800

1400

780

1220

220

5260

1860

120

600

6640

460

1780

840

580

2080

280

640

2020

3760

2100

2500

1480

1640

3000

7040

2520

100

1500

800

5260

980

5720

820

2220

1120

1440

3180

1960

1760

1520

540

1120

1020

700

1640

4440

280

620

1500

1700

7020

240

3180

2940

3000

5440

280

1480

340

1080

840

1220

1660

260

3640

1360

220

8820

1360

6640

760

240

540

3660

360

100

3980

2100

3200

2460

420

1000

6860

3760

920

620

620

340

1260

1420

120

2320

10060

780

180

640

660

1520

1340

5420

340

440

5040

2660

3700

3260

3480

5900

160

2520

400

1400

640

4780

1240

7020

1640

3540

3040

120

400

2020

660

260

2880

540

720

3480

460

4780

480

820

1800

760

3300

440

2900

1360

7180

1620

1380

7720

380

2000

920

1780

280

2100

7320

820

2360

2140

3040

1740

1160

11960

1760

400

420

4400

2180

860

120

660

1360

140

2240

140

2440

2100

3820

4420

1340

16460

600

200

1280

560

700

2660

5200

2460

300

440

440

1160

860

1100

260

460

8280

960

1380

1800

1480

120

3060

2720

7880

3060

960

6400

1840

500

1240

1840

5820

860

500

15680

2200

2740

9000

8520

12440

3620

920

5260

560

4200

1220

2320

280

3260

8840

760

2180

2260

1860

3900

2100

920

200

3240

4500

460

6520

3260

5300

960

7860

3780

1220

2820

720

2080

2400

3760

220

880

220

1700

5660

140

1500

560

220

1440

360

3100

1760

900

740

620

2920

160

1980

120

600

3400

320

540

2240

360

460

860

4000

700

2260

5300

540

19440

1380

2320

380

1400

280

920

1400

4280

320

140

7740

1020

3480

6380

1380

360

760

100

640

1740

1700

860

920

5940

680

400

280

1160

3520

1220

4640

2040

1480

3040

180

3580

620

1200

1820

740

1120

720

580

860

1300

1240

1580

2460

700

1760

3960

2520

100

5400

560

1080

1120

2700

4740

5780

680

720

1020

280

1300

240

660

6640

1440

400

920

1220

1860

120

5680

1000

3900

200

1340

1320

1380

1620

6840

1440

1820

1920

920

5600

2120

3520

4780

2020

1220

840

900

900

360

2600

2160

2000

1180

4260

1240

360

440

480

1680

3000

7060

660

5060

2920

180

1260

2180

340

360

1400

560

3460

860

220

2220

1020

900

960

2060

2240

800

3700

1160

1100

1960

11100

760

360

1840

3060

9200

6660

2820

5620

680

660

920

2400

940

3640

2800

1900

160

1760

2400

4340

1240

2900

2240

1480

460

7380

300

2640

3040

700

2160

400

4660

3660

440

1000

9140

300

2080

460

5820

15900

540

100

2440

2560

3200

880

3640

560

160

1660

8960

680

580

4020

520

740

8280

640

1660

6460

4120

7140

3380

240

400

320

600

3180

860

1560

1800

1040

620

3120

2200

1020

760

1540

1900

6140

1460

1060

860

2440

1180

580

1340

660

3100

1620

6340

1160

4480

3520

620

280

1840

2680

140

800

4360

3320

2020

600

1020

1640

4840

1560

1240

1500

2560

2000

2140

820

2000

560

1120

1840

540

760

4460

340

480

1240

3440

4820

1440

700

2320

3720

7640

8240

80

1320

600

100

520

1420

320

640

980

1040

4680

1880

1820

1560

280

440

2520

360

660

1440

3020

3200

2340

1360

2200

2160

1220

700

8740

1780

7920

3140

160

3360

200

3300

180

1200

600

1460

960

1240

3740

4980

1860

1000

560

5080

2400

700

3440

4680

1880

420

6000

580

2720

680

160

3360

1540

5920

1720

240

1020

700

5760

1980

8980

1080

6700

1520

980

1140

3680

120

1820

1700

2320

2760

2180

500

1180

760

1680

1720

200

40

4800

1580

2540

260

4420

880

2160

1060

4380

5480

160

3840

100

11920

1020

5240

1920

6120

1080

1560

7280

240

1180

800

5640

5960

480

1880

2820

860

920

2840

2060

860

1840

740

1300

2920

340

1060

2860

5500

5740

960

3360

1520

4460

3700

2780

4540

3120

2640

120

460

780

2320

140

4660

8500

840

1600

1700

2580

800

2020

3840

180

1260

1180

1080

2960

12980

6080

4200

2820

10560

2260

900

2440

300

7480

1400

1920

260

3420

2520

380

100

220

980

2920

8220

360

15640

940

1160

500

8280

3280

320

1200

3580

1060

1800

3600

15440

120

1000

3780

180

3780

260

60

440

760

4760

1000

900

1600

1960

780

18840

3960

460

1740

2100

3600

1140

2020

460

3540

5160

8400

2880

1760

4360

2360

340

100

360

3440

640

3240

4460

4240

3680

11640

460

380

760

840

7260

400

160

2320

2200

2560

1200

200

2640

500

700

180

260

580

2980

3160

780

700

1500

360

6400

520

1100

1960

2580

1560

6260

340

2140

720

2380

2460

920

3180

3200

1860

60

6200

2360

80

1840

620

920

5480

1700

2780

2080

1120

340

600

540

4020

4100

360

3640

2460

3200

780

2200

1540

5800

560

1040

1440

2700

2100

120

3860

3780

5580

420

1520

440

1820

780

1200

440

880

780

3800

10720

740

1580

1500

2320

17640

5280

3580

960

880

2560

380

740

420

1060

160

340

10480

380

2600

4100

1140

300

2840

3860

1060

2860

1780

4760

660

4900

180

3580

4780

1280

280

7500

7700

5400

620

400

1360

460

780

19760

260

2160

2040

680

8680

1120

2760

840

3280

3860

2500

3920

960

3160

12920

500

80

880

3080

320

800

3060

500

280

2700

4380

4200

660

80

240

60

2680

900

11260

1880

3480

1700

7280

220

3820

4500

2240

3140

500

2320

4200

120

2760

680

1060

860

1940

420

1500

760

860

1540

2360

1060

1900

6820

280

240

1020

320

9300

600

680

1160

1360

1260

1000

2000

280

940

3020

120

4600

3760

2160

620

3420

860

4060

720

340

680

1100

2900

2420

360

360

160

3000

160

2100

3100

1040

520

4220

6500

10500

1740

1380

1500

160

940

820

1780

1420

1640

1100

220

2820

860

2440

3320

2480

1240

1280

3340

4400

5640

3040

1520

5960

120

15360

1960

4660

5000

1520

340

1740

860

240

160

680

3040

360

500

1560

160

860

960

3820

500

4300

440

7140

540

4820

6600

620

900

1060

2240

700

1100

3120

2960

280

3960

1100

2940

3100

3820

4260

780

2080

5000

1000

840

7080

3720

580

1100

7300

600

1800

1480

1140

1160

880

1480

1440

1760

2160

2640

1780

340

460

3600

2640

1440

1660

1660

880

960

1480

3380

540

2500

12880

4480

320

1860

1040

280

780

2340

1160

640

1220

260

1360

10540

2140

160

980

1520

13820

520

580

2960

820

1240

2820

140

600

280

3240

500

9640

180

4500

3960

2540

4440

3520

1660

1440

1380

8860

2060

380

240

720

760

3680

800

180

1420

100

3200

240

180

840

320

5680

740

3300

1060

2460

7140

3440

10160

3240

2700

1120

740

3960

1040

1640

13360

1640

3280

1680

4020

5100

860

2260

360

12840

1300

3580

1800

200

1780

2780

9540

2400

780

1560

6620

3480

600

2700

860

4260

360

2300

640

5780

1460

4060

340

620

4720

3900

2260

120

4800

1820

740

1560

120

400

120

11720

680

4620

2840

3420

1160

120

14260

3560

120

2740

120

780

1260

1320

4300

3180

3080

600

1440

1060

1800

13600

1300

780

220

6140

1260

1820

2900

12080

3260

3080

800

820

4980

340

4920

1940

120

960

10260

180

280

400

1540

3260

5960

3800

4980

200

520

4240

2120

1840

5080

7720

3920

1640

10040

2500

7720

2820

2060

2260

980

760

5200

1520

2000

1200

3380

860

600

5140

140

4840

1640

100

6060

1120

2180

1580

660

1060

300

4180

2420

420

2040

5560

2460

1240

1300

140

2160

560

3000

4100

880

1420

1780

1420

3300

1920

2540

680

3400

10400

1200

3220

540

1020

1960

600

4140

260

140

800

8520

1740

180

440

3220

1680

420

2320

1480

16180

4420

820

980

1100

280

580

140

3140

3420

200

3540

1320

2940

2640

640

1600

5420

340

2160

720

5180

2840

4360

680

3540

6620

1300

2760

880

1300

2120

2720

1440

120

2740

120

260

2260

6040

1760

3340

1680

540

600

1840

2140

140

1960

5800

1220

1580

2260

4040

360

3600

3520

9760

1240

840

620

200

240

460

440

2040

7340

4560

1660

1100

1920

360

3280

1540

1280

1640

300

80

4380

6000

1760

740

6300

2040

2000

1640

320

380

300

940

3740

940

80

3800

120

3060

520

1500

1640

4740

280

640

220

2300

3180

920

3080

600

9440

3700

180

3620

4160

4260

2420

1540

220

600

100

200

1560

320

3680

2960

2060

620

280

200

7340

1720

17320

2160

15360

2820

920

2140

4520

300

140

560

240

9860

4720

14800

260

260

11400

3540

1200

760

1460

2660

400

3780

4260

4900

200

2460

3620

3220

60

680

5740

1820

3660

2100

19680

780

700

1740

1340

1960

80

920

2380

3740

780

3680

300

1040

1420

740

440

1080

1780

4340

1780

800

1760

1080

2640

7800

1340

3640

740

2120

3580

140

720

580

660

1420

5660

2180

720

3080

660

1660

4580

600

5980

820

2780

2740

760

2800

8540

1640

880

920

980

2180

2240

4940

3020

800

5300

760

1160

380

4980

4180

2680

1000

16040

6260

3240

1580

1080

2540

600

860

1520

700

760

900

340

600

560

1300

780

4500

420

7000

240

820

520

1320

1520

5960

1580

1560

1100

1840

3220

4620

3800

720

2820

3360

1640

3400

300

7280

380

1580

3380

2180

1560

1780

140

1920

2120

500

7800

300

7860

1720

260

3760

3700

480

1680

6120

2660

1000

2060

2260

1180

4300

3260

4680

520

1320

3560

5340

480

2360

4360

1620

2780

6100

580

120

680

8880

4640

160

4140

560

2320

6380

12520

2400

5320

740

680

260

1120

3580

680

4980

600

3260

720

660

7100

8480

7900

2140

700

900

260

1840

220

3920

5460

3140

520

2620

5680

1240

1120

1440

300

3560

6640

6060

1400

440

2880

80

4240

1300

1260

340

1840

4760

1340

1560

2840

560

1060

6300

280

1640

800

1820

1700

1260

1460

1800

1140

1820

240

5420

960

1100

400

2960

320

2580

400

3640

1260

4020

1680

5400

120

12680

6360

6460

1820

1500

200

760

620

160

1280

1260

2000

5260

6800

4460

3960

320

1500

2040

3340

940

340

1360

1100

480

4720

1280

6240

10380

1620

3020

880

2340

1580

2880

1220

240

5120

620

6980

700

400

680

1080

1900

680

5540

320

8580

660

820

360

3420

5700

1460

160

460

2760

3140

320

920

680

540

2140

600

1940

7560

1140

1620

380

900

920

4660

1800

1800

2140

19740

1520

140

1040

3020

220

380

3780

2640

160

7080

780

2100

200

360

4260

1900

1300

260

1560

360

620

1520

280

3940

3440

2960

160

140

11040

6620

3240

8540

1260

2540

560

380

1960

5060

760

1500

5620

4040

620

460

9180

2820

3740

2000

4780

480

3640

660

1300

2060

600

3220

1580

4380

2440

920

5920

1020

6200

80

580

1260

2600

340

6580

720

11660

140

6020

2640

2540

1040

3340

800

140

1840

2180

5640

80

4520

3000

5420

2420

700

2480

1000

3360

2160

7340

1500

1900

1020

2540

1980

17880

1680

1760

240

900

1580

180

1820

4200

1160

9000

240

4980

1880

940

880

5900

3720

440

300

440

720

3840

3120

240

720

440

2480

280

680

2420

2820

3000

920

1360

820

640

800

1980

240

940

1980

3300

1580

1140

720

440

1360

3340

700

880

1060

2040

120

2440

1040

840

500

3880

5260

680

980

2300

1420

3520

180

4700

320

2060

1520

500

1120

3120

1360

1760

4500

160

6880

9180

1640

2820

3520

780

14700

2180

1560

740

4520

740

980

3000

1860

240

120

1540

4020

860

100

1760

2840

5600

540

2600

2120

4680

120

160

1520

860

2340

1560

400

140

620

1000

1680

480

600

760

1340

7220

860

2600

7420

2420

2220

15760

820

660

4880

1660

8060

4780

1580

3540

3480

3060

3700

4040

2660

3220

1220

4520

120

2520

4680

980

2080

260

660

840

340

380

900

3860

800

420

1320

420

5340

3660

3180

300

1700

720

2000

320

1280

620

300

940

420

800

680

3460

1260

1000

5540

2240

2680

220

9720

300

2480

340

3340

200

300

2300

2860

3300

3180

1540

360

4300

340

300

6060

1400

760

3200

160

1880

3680

4220

820

1680

7720

200

400

2220

560

1440

2560

100

3240

2920

1600

4580

1500

240

4920

1920

340

1280

5580

260

1400

700

260

880

2920

360

2480

1360

600

720

1080

1680

5700

5820

120

7340

340

560

11480

2380

3440

8000

440

960

11040

4460

2000

7340

1100

800

460

18220

440

6060

2200

140

9580

4960

980

1980

4980

1360

3300

1580

3620

1500

1200

480

280

1860

360

300

4040

900

10180

4860

2960

1520

180

720

160

6300

260

1040

1240

520

3420

1460

2860

1580

320

280

1260

820

1000

4580

4440

520

600

1800

600

17200

4360

2660

1400

1780

3560

1820

1200

580

3780

2480

760

1640

940

1920

1120

1060

1400

2940

2280

460

740

4000

2240

10880

1520

340

1080

3680

160

1740

1500

3220

5500

1960

5860

1160

5720

500

2820

2520

2660

1000

920

2520

880

720

160

3720

580

420

3300

1780

560

2340

4040

1040

2300

3140

5740

1780

820

420

5820

640

360

1320

720

220

1700

2740

2060

3800

820

640

3040

540

6700

6080

2340

800

2500

80

2240

2660

6680

680

680

3400

3640

8540

640

1500

1500

7540

1080

2700

2580

1380

400

1360

460

2500

120

480

6460

2560

2620

300

520

160

2740

2620

900

440

2420

680

2900

680

5940

6060

2140

360

680

4600

1620

1640

1060

3100

3340

1860

2720

1740

3600

1880

2740

6440

2040

1660

780

460

2620

200

480

980

3400

3380

1480

800

2760

2720

1200

4260

3280

10240

720

1420

1480

7000

1060

7100

1780

1180

1240

460

300

2180

740

2980

500

3540

1320

1320

420

760

2100

2180

500

1080

4980

2940

2900

540

4460

880

7140

2500

1400

6340

1120

500

1640

2620

1740

1640

480

740

2600

640

1900

680

16240

1980

600

200

3480

1340

1020

620

17460

2840

1840

8860

2440

12240

600

7980

420

3700

640

1100

3040

16480

840

3480

3040

900

120

640

2400

380

3300

600

880

1240

1420

4880

4700

360

2940

180

640

4620

5420

5260

560

140

1460

480

760

5120

1380

380

2020

8200

840

1140

600

1100

240

16600

1420

820

240

2880

1640

300

4580

4660

160

480

1700

2420

3900

1800

9280

740

2120

240

1640

4980

1400

2100

1220

2080

4820

2460

420

3580

8320

280

1480

580

1380

860

1280

2800

1380

3960

6200

2340

2180

2040

1760

2640

1560

1120

2180

3180

4780

840

540

300

4700

3440

3140

4300

8360

2980

380

1520

2500

500

720

2440

680

880

5600

7460

3040

2640

5640

5540

3000

480

1780

5380

540

3300

1900

480

500

2160

3160

3260

1740

1680

18360

3120

1380

1740

520

1840

2860

220

260

180

200

3860

800

3520

2180

440

2460

1700

1140

1280

1020

2480

440

420

780

8400

280

500

2040

2040

1200

840

2080

420

2540

1080

1660

780

4140

3400

1620

1100

16800

100

480

1320

200

5500

80

5960

4760

2640

4160

1340

280

2060

600

760

400

10880

1400

2560

3140

400

2380

4520

7340

660

3100

3100

4140

1100

520

1540

3500

3020

2900

3120

3160

9820

3060

860

5720

2420

2340

3380

3380

780

620

1840

8180

6440

1980

2800

360

4520

2540

2640

1460

620

2340

5280

300

80

260

3760

720

740

760

540

1260

15740

2400

5780

4420

420

4660

1220

17000

2800

5660

220

400

1000

520

3960

7260

2120

3720

1300

1500

1840

480

5520

1140

400

960

3520

940

4460

860

960

3140

7200

720

2580

1180

1740

3880

3880

1260

600

1260

5320

100

780

1200

2200

1680

1380

680

720

5660

1980

1400

3540

11000

1760

3360

1300

2700

2900

480

10660

160

4320

4500

3920

400

1120

820

1380

1840

2520

2760

14400

2240

4180

7120

600

440

1380

1120

4480

8380

1580

1660

200

2120

1360

160

3800

1300

440

16380

4040

1920

4100

5700

720

3120

3900

140

5120

1160

780

1580

16800

1700

880

820

1860

3680

3200

680

9220

2380

2840

380

220

160

4940

900

2840

660

2180

2700

980

2660

2180

2140

7380

2640

2980

1160

420

160

3220

1580

4460

960

4680

1700

7520

3980

280

2120

4520

6740

180

5680

1100

660

240

1800

1640

8780

6460

1620

1140

340

3700

2200

10920

640

4500

2320

2040

2640

1480

2560

220

1060

4840

4360

380

840

540

460

420

3580

1760

480

140

420

800

5160

1180

1260

800

1320

1740

1520

7040

1800

3680

300

3520

3020

2380

8340

1560

820

480

540

1100

3780

480

2500

6600

2640

1620

4620

3340

3820

1300

220

2180

4080

2260

1060

2300

1360

2140

1420

7080

880

1060

900

160

2000

440

1440

2720

1760

2200

500

120

180

1680

1460

220

3840

2540

3300

3180

960

9820

240

580

2460

1020

680

4600

2820

1940

4620

1640

3760

1260

920

1520

2220

940

440

260

180

5560

140

4560

5260

2120

880

3060

5540

2220

980

1040

2860

1540

1940

1920

6340

8880

3400

760

840

1480

4500

320

840

180

2860

6880

7340

1540

480

880

1660

3280

900

1700

4580

10840

4780

400

3020

80

3740

2160

2780

620

440

5460

620

1000

1580

700

2200

4840

120

200

800

1960

1180

5480

520

100

1100

3640

1240

280

6000

3100

1120

1460

1120

3040

4360

15340

1000

3140

320

5380

2620

3780

1360

2520

2160

4720

2000

780

500

720

160

1580

4300

1200

4360

5240

1880

2020

4740

1200

2640

2680

1340

5200

3060

740

4700

2300

880

520

440

180

1280

2060

7020

320

1380

3900

120

2520

2540

4020

5220

140

1660

360

1060

960

280

6520

4340

2340

5900

1180

120

320

1240

2700

180

100

1240

300

2100

380

2220

1040

1700

340

1060

1020

640

3520

220

4940

1720

3560

1460

1940

580

600

8320

940

9500

520

780

580

6920

7480

500

3740

1400

800

1880

220

360

2960

2180

700

120

2660

3180

3440

540

2600

1940

2120

1040

1520

140

5960

1720

1540

860

3980

2140

1800

1140

280

2500

1480

120

680

620

840

420

1200

1660

480

600

1640

2060

3360

820

4000

360

940

660

600

2080

80

9800

1500

280

1180

1400

2520

3600

400

960

2580

1400

3700

2080

400

1260

2200

940

5080

3600

6380

9780

2140

480

5940

2080

1120

2480

4140

100

3680

1820

2080

1260

2480

1080

5500

1020

440

1440

1460

1160

500

1700

2640

680

740

1660

18260

6820

1640

2360

2160

16520

3540

740

2320

820

5300

5800

1880

220

1960

2260

6880

1280

9680

1460

3200

11680

1360

1280

1180

700

620

2900

3660

5160

3500

1020

2160

900

1060

4380

600

7460

760

3440

2320

4460

740

5400

2500

800

500

760

1480

6880

1280

360

2040

3200

1520

160

1780

280

860

1880

480

580

3380

460

1260

1440

3620

1280

3900

2200

840

960

980

560

1820

1520

1260

560

940

1340

4100

820

3260

200

1860

740

960

11780

4580

1380

440

1380

160

340

660

5640

3020

1840

4300

500

240

1260

5500

120

2360

7360

5160

6800

3120

780

620

3960

940

600

1100

4720

720

80

3360

1180

1620

580

6080

200

1120

2120

1520

2720

520

100

2360

300

3040

700

5320

2840

480

4360

6380

240

2480

440

1280

360

1860

1960

2120

320

560

980

440

1660

1320

3520

5220

9960

400

7500

8400

3140

680

2020

1040

9780

1100

380

7700

13560

660

1300

4200

760

5520

2260

1440

1120

660

120

120

260

120

1560

660

1020

1380

500

860

1680

13060

2840

580

620

2040

3560

3580

1960

2660

460

1360

640

2440

3820

2720

840

320

2240

880

1320

3060

880

3880

3620

3000

180

120

6640

100

620

1180

2520

600

1520

3600

640

760

1420

6220

4020

3120

960

760

540

1320

620

2160

3460

5040

340

5880

980

160

980

17080

2180

1000

8280

1300

3620

460

1240

460

620

4680

120

520

880

100

760

4760

5820

1020

1940

1000

1020

4060

13520

1640

1280

1780

1020

800

460

140

700

7920

5300

4000

660

880

540

220

1180

260

920

5420

4320

120

4460

3500

420

300

1020

8940

6180

1380

1220

760

1980

3000

2140

480

280

2920

1160

6760

3040

1400

160

17000

140

280

2760

2620

1500

2200

1020

440

420

7420

2800

460

380

1380

3220

2860

1340

2520

4660

2360

1420

480

3360

640

2080

2600

820

1560

1600

1080

640

1400

700

1240

1300

3060

11400

3540

3160

200

860

1000

1520

1880

780

3480

220

2700

2540

1400

1480

4580

300

1640

4660

1320

1580

2460

280

3620

16080

320

6960

600

1540

3740

740

3340

600

2880

1300

940

740

2720

5040

700

2820

3760

1080

980

760

340

1980

1700

940

780

3160

3000

620

100

200

2180

3960

1900

1560

1940

1440

1300

740

160

5840

380

1160

600

1720

3860

480

4020

1720

6140

460

4280

2780

2400

360

1020

1500

4480

2940

8920

1300

6200

940

7280

340

800

4900

1040

120

420

260

440

340

4360

720

80

3480

540

480

4520

2320

800

520

180

1360

120

380

5660

2120

3280

1340

3540

480

2280

960

12120

640

520

2300

2660

1400

260

5920

560

2580

160

1080

1540

2000

300

520

1120

4100

1720

740

2620

8300

120

1240

1060

760

2140

2720

1520

1060

1400

340

380

2940

3240

1540

240

680

360

200

1580

300

4300

800

2420

7340

1260

7720

2300

1040

3180

780

1800

180

2000

3800

1240

10800

2140

180

260

140

2780

300

2740

1800

1140

460

1080

2680

440

2480

6060

3160

280

2160

220

4900

220

3120

2500

140

3140

3440

3380

4800

340

3320

1460

1120

180

1760

220

2000

4540

5340

880

380

2360

7460

520

980

1420

2220

3660

520

2400

1360

1020

1760

440

4240

1160

2160

640

220

2920

340

840

5100

2960

8140

1900

640

6040

2680

500

780

460

3340

1180

3320

5220

480

1180

2600

2660

1640

3940

3120

2000

4560

1540

1140

1140

1020

300

2260

2820

740

3120

1400

340

2900

500

6000

2240

2940

2300

1880

2760

3220

7700

400

700

580

480

860

860

2960

3000

2780

3780

4140

12660

6800

4980

1480

2000

1960

280

3580

900

560

1780

200

3180

5000

3380

5600

160

520

460

2340

1540

3060

2360

16500

4640

5720

140

920

1540

3320

1740

1280

1320

3340

3440

7700

3580

1500

2660

1180

4060

4700

2280

1420

11900

1260

2980

1660

3020

420

1420

2040

2140

1240

100

100

3180

2360

620

6320

1300

3100

940

180

1300

4260

1000

2120

2560

1820

1040

3480

2800

3080

5080

4100

620

3320

2940

3680

1760

1000

1200

220

440

4500

3320

2080

1180

5540

3500

1280

5860

1760

720

10000

2240

7040

80

360

260

4260

17220

60

220

2320

1580

2320

440

4480

420

5280

300

5500

160

580

5880

1000

4420

9360

900

1400

2920

1240

160

720

160

800

760

1480

460

580

600

3540

980

1440

3080

400

2360

280

2300

1260

340

4600

440

920

8840

1660

420

1360

720

2860

4880

5200

640

420

2180

2540

2520

2040

360

580

1880

840

2480

1760

540

11060

2900

2320

5960

640

1460

1180

3520

60

180

820

400

7380

4960

1160

1920

1180

1160

1580

5400

1500

1520

2120

2900

1880

2240

3180

120

80

780

3640

1460

280

4740

10780

840

1080

1740

3380

3340

160

380

1540

580

1100

3280

5740

2600

2600

3600

240

3980

1020

1420

800

300

700

2120

2980

2480

160

2740

1700

300

9520

5580

2040

2660

720

9680

180

660

160

60

2880

1800

1600

2920

4820

2240

3620

7520

700

3740

360

1160

1440

100

2100

2800

3240

1000

1880

1300

1060

360

2240

700

5520

120

3560

2380

1700

520

3600

5720

1680

680

3100

2300

80

2460

1780

800

1960

400

5980

1980

1680

600

2580

1480

2560

1980

160

3380

140

1020

1380

2380

7260

2120

40

260

2520

360

200

4840

640

1280

1980

1700

3920

7380

4160

4440

1100

