460

3080

1960

1360

3260

300

200

2900

280

1080

1700

140

220

1700

860

1360

920

200

3440

7420

1700

560

460

2720

2700

15300

10700

360

4680

3000

4100

940

500

5360

520

560

2480

1660

1020

260

1700

960

1300

2740

1320

2860

3840

2340

580

1060

300

1220

1460

200

12940

1980

200

940

340

1180

1120

3200

1260

4100

2220

4960

3140

600

1520

480

720

1220

480

1800

120

160

2880

1180

1640

600

340

2280

2060

1360

3440

2220

1060

220

460

280

540

5460

440

6160

4180

500

3540

2900

500

1440

2360

2160

1340

640

660

1400

3900

600

1280

980

4800

2100

260

800

320

2680

120

1200

2740

2800

5500

180

2760

7100

2020

500

4620

440

920

6500

5420

860

200

860

180

880

4720

6360

600

2320

1400

3580

3320

720

880

420

840

5020

120

2480

1100

2640

440

5160

1440

500

2440

1120

2700

4580

460

1020

340

640

1160

3480

860

960

5480

2760

7540

4780

2540

5560

8600

1780

1360

4160

880

280

2320

3940

860

540

1380

820

1260

1760

740

4240

580

4660

420

540

11020

540

80

460

1060

3080

3980

4880

2320

4800

2240

15360

1460

1340

760

2660

580

3400

220

1160

2860

1320

1380

340

3040

3720

760

640

620

1680

560

620

1400

160

840

740

720

160

180

1020

1100

160

180

180

160

160

2120

9640

6220

1940

5920

