
--- Page 1 ---
闪烁体荧光衰减长度测量（5000±200）李大恕 PB24000145、霍安雅 PB23000005
d/cm
V_T/V
N
N_b
N-N_b
20
4.30
6188
1051
5137
6098
991
5107
6002
983
5019
30
3.70
6317
1347
4970
6275
1359
4916
6439
1360
5079
40
3.30
6788
1632
5156
6680
1603
5077
6739
1562
5177
50
3.00
6932
1886
5046
6904
1832
5072
6848
1829
5019
60
2.70
7237
2274
4963
7171
2180
4991
7203
2176
5027
70
2.45
7373
2350
5023
7364
2273
5091
7308
2328
4980
80
2.20
7678
2712
4966
7671
2678
4993
7785
2750
5035
90
2.05
7844
2873
4971
7878
2834
5044
7858
2960
4898
100
1.90
8015
2991
5024
7940
2951
4989
8020
3034
4986
110
1.78
8077
3197
4880
8083
3167
4916
8212
3158
5054
1

